  Fermat    Miller  Strassen LucasFrob Erastotene
1 0.000000 0.000000 0.000001  0.000000 
2 0.000544 0.000285 0.000275  0.000007  0.000002
3 0.000553 0.000275 0.000336  0.000006  0.000002
4 0.000552 0.000275 0.000294  0.000014  0.000002
5 0.000546 0.000275 0.000319  0.000009  0.000004
6 0.000606 0.000277 0.000273  0.000008  0.000003
7 0.000546 0.000360 0.000274  0.000008  0.000004
8 0.000539 0.000281 0.000273  0.000007  0.000005
9 0.000551 0.000273 0.000360  0.000015  0.000007
10 0.000544 0.000281 0.000272  0.000009  0.000010
11 0.000551 0.000274 0.000274  0.000009  0.000014
12 0.000542 0.000274 0.000282  0.000008  0.000021
13 0.000557 0.000281 0.000295  0.000011  0.000047
14 0.000552 0.000272 0.000295  0.000020  0.000044
15 0.000549 0.000289 0.000276  0.000011  0.000067
16 0.000551 0.000273 0.000275  0.000011  0.000095
17 0.000558 0.000276 0.000440  0.000011  0.000142
18 0.000556 0.000276 0.000276  0.000010  0.000218
19 0.000568 0.000274 0.000295  0.000013  0.000347
20 0.000560 0.000309 0.000306  0.000012  0.000548
21 0.000544 0.000318 0.000307  0.000013  0.000834
22 0.000580 0.000276 0.000274  0.000013  0.001208
23 0.000546 0.000340 0.000276  0.000013  0.001913
24 0.000551 0.000275 0.000276  0.000016  0.002896
25 0.000542 0.000283 0.000277  0.000014  0.004593
26 0.000545 0.000272 0.000288  0.000017  0.007139
27 0.000555 0.000276 0.000286  0.000016  0.011164
28 0.000555 0.000275 0.000275  0.000015  0.016965
29 0.000548 0.000275 0.000304  0.000018  0.027469
30 0.000547 0.000282 0.000318  0.000017  0.043157
31 0.000599 0.000275 0.000280  0.000017  0.068148
32 0.000557 0.000273 0.000287  0.000017  0.106868
33 0.000553 0.000279 0.000279  0.000018  0.170422
34 0.000547 0.000276 0.000271  0.000018  0.276315
35 0.000551 0.000271 0.000270  0.000019 
36 0.000533 0.000269 0.000283  0.000017 
37 0.000534 0.000281 0.000273  0.000019 
38 0.000535 0.000276 0.000273  0.000017 
39 0.000580 0.000271 0.000271  0.000019 
40 0.000582 0.000272 0.000272  0.000035 
41 0.000538 0.000365 0.000285  0.000019 
42 0.000535 0.000309 0.000273  0.000019 
43 0.000537 0.000285 0.000272  0.000058 
44 0.000535 0.000271 0.000320  0.000056 
45 0.000586 0.000271 0.000271  0.000021 
46 0.000543 0.000268 0.000274  0.000020 
47 0.000536 0.000268 0.000292  0.000021 
48 0.000536 0.000271 0.000282  0.000022 
49 0.000554 0.000279 0.000281  0.000023 
50 0.000549 0.000287 0.000303  0.000024 
51 0.000549 0.000302 0.000281  0.000023 
52 0.000567 0.000281 0.000294  0.000021 
53 0.000549 0.000280 0.000291  0.000022 
54 0.000601 0.000279 0.000295  0.000024 
55 0.000571 0.000294 0.000284  0.000023 
56 0.000563 0.000285 0.000295  0.000025 
57 0.000552 0.000293 0.000283  0.000024 
58 0.000553 0.000341 0.000282  0.000027 
59 0.000570 0.000276 0.000288  0.000026 
60 0.000554 0.000292 0.000280  0.000025 
61 0.000550 0.000286 0.000279  0.000025 
62 0.000557 0.000277 0.000283  0.000027 
63 0.000571 0.000276 0.000289  0.000026 
64 0.000565 0.000283 0.000283  0.000029 
65 0.000554 0.000287 0.000285  0.000031 
66 0.000559 0.000289 0.000299  0.000029 
67 0.000564 0.000325 0.000286  0.000027 
68 0.000566 0.000277 0.000285  0.000031 
69 0.000578 0.000284 0.000295  0.000030 
70 0.000577 0.000290 0.000298  0.000031 
71 0.000571 0.000281 0.000308  0.000032 
72 0.000582 0.000305 0.000311  0.000029 
73 0.000554 0.000287 0.000285  0.000030 
74 0.000563 0.000297 0.000287  0.000031 
75 0.000554 0.000310 0.000285  0.000036 
76 0.000633 0.000284 0.000287  0.000044 
77 0.000557 0.000278 0.000304  0.000031 
78 0.000552 0.000285 0.000284  0.000034 
79 0.000572 0.000281 0.000290  0.000037 
80 0.000553 0.000338 0.000286  0.000033 
81 0.000577 0.000288 0.000286  0.000036 
82 0.000562 0.000279 0.000285  0.000031 
83 0.000558 0.000301 0.000283  0.000037 
84 0.000562 0.000278 0.000293  0.000049 
85 0.000555 0.000278 0.000296  0.000036 
86 0.000562 0.000279 0.000287  0.000036 
87 0.000569 0.000279 0.000289  0.000035 
88 0.000562 0.000280 0.000288  0.000035 
89 0.000582 0.000282 0.000288  0.000036 
90 0.000557 0.000351 0.000289  0.000037 
91 0.000564 0.000298 0.000303  0.000041 
92 0.000631 0.000330 0.000291  0.000041 
93 0.000607 0.000320 0.000298  0.000039 
94 0.000557 0.000299 0.000297  0.000040 
95 0.000567 0.000293 0.000288  0.000037 
96 0.000556 0.000281 0.000300  0.000046 
97 0.000686 0.000295 0.002824  0.000097 
98 0.000569 0.000284 0.000293  0.000043 
99 0.000573 0.000282 0.000301  0.000043 
100 0.000557 0.000288 0.000292  0.000041 
101 0.000554 0.000282 0.000285  0.000039 
102 0.000565 0.000278 0.000305  0.000064 
103 0.000562 0.000305 0.000352  0.000042 
104 0.000573 0.000290 0.000293  0.000043 
105 0.000571 0.000280 0.000289  0.000044 
106 0.000560 0.000316 0.000318  0.000075 
107 0.000567 0.000282 0.000292  0.000041 
108 0.000582 0.000325 0.000291  0.000041 
109 0.000575 0.000282 0.000356  0.000050 
110 0.000570 0.000281 0.000291  0.000045 
111 0.000570 0.000281 0.000291  0.000046 
112 0.000570 0.000290 0.000292  0.000058 
113 0.000558 0.000298 0.000297  0.000047 
114 0.000566 0.000299 0.000295  0.000045 
115 0.000564 0.000282 0.000302  0.000048 
116 0.000579 0.000315 0.000293  0.000049 
117 0.000569 0.000290 0.000298  0.000046 
118 0.000562 0.000298 0.000294  0.000050 
119 0.000573 0.000298 0.000293  0.000047 
120 0.000578 0.000282 0.000305  0.000048 
121 0.000603 0.000293 0.000363  0.000046 
122 0.000557 0.000295 0.000290  0.000048 
123 0.000592 0.000284 0.000295  0.000049 
124 0.000563 0.000291 0.000294  0.000054 
125 0.000561 0.000280 0.000304  0.000062 
126 0.000563 0.000285 0.000306  0.000049 
127 0.000603 0.000335 0.000297  0.000049 
128 0.000580 0.000287 0.000309  0.000061 
129 0.000582 0.000335 0.000318  0.000059 
130 0.000580 0.000316 0.000344  0.000065 
131 0.000655 0.000290 0.000316  0.000065 
132 0.000579 0.000359 0.000305  0.000066 
133 0.000605 0.000293 0.000305  0.000111 
134 0.000590 0.000291 0.000306  0.000067 
135 0.000575 0.000391 0.000304  0.000077 
136 0.000583 0.000309 0.000303  0.000069 
137 0.000581 0.000290 0.000306  0.000083 
138 0.000580 0.000289 0.000302  0.000068 
139 0.000581 0.000291 0.000318  0.000079 
140 0.000572 0.000303 0.000307  0.000083 
141 0.000597 0.000290 0.000304  0.000067 
142 0.000559 0.000331 0.000298  0.000070 
143 0.000581 0.000302 0.000300  0.000064 
144 0.000575 0.000300 0.000308  0.000093 
145 0.000608 0.000293 0.000308  0.000073 
146 0.000589 0.000314 0.000319  0.000074 
147 0.000583 0.000295 0.000322  0.000072 
148 0.000577 0.000295 0.000326  0.000074 
149 0.000591 0.000294 0.000308  0.000081 
150 0.000590 0.000297 0.000306  0.000075 
151 0.000587 0.000294 0.000317  0.000073 
152 0.000584 0.000311 0.000322  0.000078 
153 0.000621 0.000312 0.000311  0.000075 
154 0.000591 0.000292 0.000318  0.000074 
155 0.000581 0.000311 0.000311  0.000078 
156 0.000587 0.000323 0.000310  0.000077 
157 0.000581 0.000304 0.000314  0.000077 
158 0.000579 0.000386 0.000310  0.000092 
159 0.000586 0.000310 0.000321  0.000075 
160 0.000600 0.000297 0.000326  0.000077 
161 0.000584 0.000305 0.000315  0.000082 
162 0.000583 0.000296 0.000325  0.000078 
163 0.000579 0.000288 0.000304  0.000113 
164 0.000570 0.000298 0.000305  0.000102 
165 0.000583 0.000309 0.000306  0.000092 
166 0.000581 0.000325 0.000311  0.000087 
167 0.000580 0.000314 0.000317  0.000099 
168 0.000654 0.000343 0.000325  0.000083 
169 0.000606 0.000297 0.000323  0.000083 
170 0.000592 0.000359 0.000320  0.000082 
171 0.000582 0.000406 0.000315  0.000084 
172 0.000582 0.000326 0.000313  0.000098 
173 0.000658 0.000298 0.000316  0.000087 
174 0.000598 0.000294 0.000324  0.000086 
175 0.000598 0.000343 0.000314  0.000083 
176 0.000572 0.000304 0.000305  0.000083 
177 0.000576 0.000290 0.000306  0.000084 
178 0.000588 0.000288 0.000311  0.000114 
179 0.000587 0.000310 0.000309  0.000086 
180 0.000580 0.000299 0.000308  0.000086 
181 0.000575 0.000319 0.000308  0.000087 
182 0.000568 0.000322 0.000308  0.000090 
183 0.000589 0.000311 0.000321  0.000114 
184 0.000598 0.000298 0.000316  0.000090 
185 0.000594 0.000300 0.000343  0.000090 
186 0.000587 0.000334 0.000317  0.000094 
187 0.000600 0.000298 0.000326  0.000094 
188 0.000599 0.000381 0.000339  0.000093 
189 0.000606 0.000406 0.000318  0.000091 
190 0.000599 0.000451 0.000327  0.000092 
191 0.000618 0.000297 0.000326  0.000087 
192 0.000600 0.000329 0.000320  0.000106 
193 0.000602 0.000330 0.000340  0.000104 
194 0.000580 0.000305 0.000315  0.000103 
195 0.000579 0.000340 0.000319  0.000106 
196 0.000586 0.000324 0.000361  0.000099 
197 0.000577 0.000325 0.000320  0.000167 
198 0.000633 0.000295 0.000319  0.000097 
199 0.000593 0.000338 0.000322  0.000105 
200 0.000602 0.000299 0.000324  0.000109 
201 0.000592 0.000382 0.000326  0.000105 
202 0.000596 0.000304 0.000324  0.000104 
203 0.000594 0.000319 0.000322  0.000101 
204 0.000663 0.000303 0.000327  0.000109 
205 0.000592 0.000324 0.000314  0.000104 
206 0.000586 0.000378 0.000316  0.000102 
207 0.000585 0.000296 0.000334  0.000105 
208 0.000594 0.000318 0.000326  0.000125 
209 0.000595 0.000297 0.000317  0.000106 
210 0.000627 0.000412 0.000355  0.000106 
211 0.000582 0.000307 0.000335  0.000107 
212 0.000723 0.000382 0.000320  0.000107 
213 0.000636 0.000304 0.000347  0.000148 
214 0.000593 0.000301 0.000397  0.000127 
215 0.000604 0.000308 0.000343  0.000126 
216 0.000595 0.000313 0.000318  0.000109 
217 0.000586 0.000477 0.000388  0.000143 
218 0.000624 0.000295 0.000319  0.000156 
219 0.000597 0.000350 0.000328  0.000119 
220 0.000606 0.000365 0.000338  0.000125 
221 0.000605 0.000305 0.000348  0.000111 
222 0.000593 0.000331 0.000347  0.000111 
223 0.000642 0.000299 0.000323  0.000108 
224 0.000593 0.000299 0.000336  0.000111 
225 0.000602 0.000297 0.000323  0.000114 
226 0.000589 0.000315 0.000328  0.000118 
227 0.000628 0.000308 0.000334  0.000118 
228 0.000621 0.000305 0.000346  0.000132 
229 0.000605 0.000361 0.000340  0.000116 
230 0.000626 0.000298 0.000335  0.000169 
231 0.000586 0.000374 0.000324  0.000127 
232 0.000599 0.000316 0.000331  0.000118 
233 0.000589 0.000307 0.000324  0.000118 
234 0.000606 0.000298 0.000324  0.000118 
235 0.000594 0.000361 0.000335  0.000115 
236 0.000596 0.000361 0.000323  0.000131 
237 0.000589 0.000308 0.000326  0.000118 
238 0.000588 0.000307 0.000329  0.000159 
239 0.000634 0.000299 0.000338  0.000152 
240 0.000661 0.000299 0.000336  0.000118 
241 0.000591 0.000299 0.000339  0.000120 
242 0.000589 0.000302 0.000327  0.000193 
243 0.000667 0.000300 0.000395  0.000152 
244 0.000596 0.000333 0.000328  0.000123 
245 0.000609 0.000317 0.000338  0.000126 
246 0.000607 0.000349 0.000338  0.000167 
247 0.000627 0.000307 0.000343  0.000127 
248 0.000628 0.000359 0.000353  0.000131 
249 0.000610 0.000320 0.000338  0.000136 
250 0.000608 0.000390 0.000357  0.000136 
251 0.000616 0.000478 0.000345  0.000127 
252 0.000621 0.000359 0.000337  0.000140 
253 0.000617 0.000313 0.000346  0.000129 
254 0.000639 0.000309 0.000336  0.000128 
255 0.000617 0.000306 0.000337  0.000126 
256 0.000642 0.000314 0.000347  0.000144 
257 0.000621 0.000314 0.000349  0.000148 
258 0.000615 0.000365 0.000356  0.000171 
259 0.000598 0.000346 0.000338  0.000210 
260 0.000611 0.000308 0.000344  0.000146 
261 0.000633 0.000400 0.000341  0.000146 
262 0.000627 0.000341 0.000359  0.000144 
263 0.000617 0.000407 0.000351  0.000148 
264 0.000633 0.000317 0.000358  0.000148 
265 0.000611 0.000368 0.000349  0.000168 
266 0.000633 0.000357 0.000361  0.000206 
267 0.000647 0.000309 0.000348  0.000147 
268 0.000653 0.000313 0.000344  0.000176 
269 0.000650 0.000343 0.000366  0.000153 
270 0.000618 0.000377 0.000350  0.000192 
271 0.000610 0.000311 0.000358  0.000153 
272 0.000806 0.000397 0.000397  0.000150 
273 0.000663 0.000355 0.000402  0.000148 
274 0.000607 0.000308 0.000343  0.000152 
275 0.000618 0.000326 0.000363  0.000164 
276 0.000633 0.000318 0.000349  0.000155 
277 0.000664 0.000321 0.000340  0.000161 
278 0.000661 0.000313 0.000359  0.000183 
279 0.000624 0.000396 0.000339  0.000152 
280 0.000702 0.000374 0.000355  0.000154 
281 0.000649 0.000369 0.000352  0.000186 
282 0.000625 0.000335 0.000355  0.000161 
283 0.000629 0.000317 0.000365  0.000178 
284 0.000609 0.000319 0.000347  0.000212 
285 0.000608 0.000310 0.000348  0.000165 
286 0.000644 0.000312 0.000380  0.000158 
287 0.000620 0.000315 0.000383  0.000190 
288 0.000661 0.000319 0.000354  0.000161 
289 0.000633 0.000364 0.000380  0.000166 
290 0.000610 0.000362 0.000346  0.000216 
291 0.000615 0.000313 0.000347  0.000179 
292 0.000685 0.000316 0.000386  0.000160 
293 0.000633 0.000319 0.000358  0.000165 
294 0.000627 0.000346 0.000357  0.000162 
295 0.000626 0.000329 0.000357  0.000185 
296 0.000623 0.000376 0.000357  0.000175 
297 0.000681 0.000322 0.000363  0.000164 
298 0.000606 0.000323 0.000347  0.000182 
299 0.000622 0.000315 0.000351  0.000164 
300 0.000617 0.000363 0.000367  0.000164 
301 0.000607 0.000384 0.000377  0.000239 
302 0.000618 0.000326 0.000360  0.000189 
303 0.000639 0.000361 0.000362  0.000196 
304 0.000625 0.000315 0.000354  0.000170 
305 0.000615 0.000313 0.000398  0.000165 
306 0.000621 0.000332 0.000363  0.000166 
307 0.000628 0.000318 0.000353  0.000289 
308 0.000641 0.000318 0.000350  0.000174 
309 0.000629 0.000331 0.000361  0.000177 
310 0.000629 0.000337 0.000374  0.000178 
311 0.000639 0.000321 0.000374  0.000176 
312 0.000629 0.000335 0.000363  0.000177 
313 0.000662 0.000365 0.000366  0.000190 
314 0.000616 0.000372 0.000355  0.000172 
315 0.000625 0.000315 0.000356  0.000176 
316 0.000636 0.000318 0.000455  0.000180 
317 0.000617 0.000432 0.000362  0.000172 
318 0.000660 0.000319 0.000368  0.000169 
319 0.000623 0.000397 0.000361  0.000175 
320 0.000740 0.000326 0.000372  0.000215 
321 0.000623 0.000421 0.000378  0.000245 
322 0.000654 0.000341 0.000371  0.000197 
323 0.000646 0.000443 0.000377  0.000232 
324 0.000638 0.000344 0.000374  0.000194 
325 0.000686 0.000486 0.000389  0.000246 
326 0.000656 0.000443 0.000379  0.000193 
327 0.000636 0.000450 0.000365  0.000215 
328 0.000691 0.000330 0.000373  0.000196 
329 0.000652 0.000332 0.000379  0.000194 
330 0.000649 0.000388 0.000371  0.000195 
331 0.000659 0.000332 0.000372  0.000201 
332 0.000656 0.000387 0.000388  0.000200 
333 0.000640 0.000378 0.000370  0.000208 
334 0.000640 0.000323 0.000369  0.000195 
335 0.000642 0.000422 0.000363  0.000284 
336 0.000649 0.000385 0.000427  0.000195 
337 0.000637 0.000327 0.000369  0.000196 
338 0.000633 0.000594 0.000364  0.000283 
339 0.000662 0.000382 0.000410  0.000196 
340 0.000644 0.000339 0.000390  0.000204 
341 0.000657 0.000335 0.000377  0.000198 
342 0.000655 0.000335 0.000394  0.000198 
343 0.000663 0.000565 0.000389  0.000225 
344 0.000648 0.000349 0.000375  0.000233 
345 0.000659 0.000335 0.000439  0.000207 
346 0.000628 0.000333 0.000379  0.000262 
347 0.000641 0.000469 0.000378  0.000208 
348 0.000648 0.000540 0.000375  0.000207 
349 0.000644 0.000471 0.000378  0.000210 
350 0.000664 0.000333 0.000387  0.000206 
351 0.000631 0.000339 0.000370  0.000205 
352 0.000684 0.000329 0.000376  0.000235 
353 0.000711 0.000388 0.000384  0.000206 
354 0.000641 0.000331 0.000385  0.000228 
355 0.000649 0.000434 0.000373  0.000265 
356 0.000640 0.000330 0.000432  0.000224 
357 0.000666 0.000337 0.000385  0.000216 
358 0.000660 0.000586 0.000378  0.000228 
359 0.000649 0.000349 0.000382  0.000212 
360 0.000664 0.000456 0.000392  0.000215 
361 0.000651 0.000406 0.000384  0.000236 
362 0.000639 0.000401 0.000373  0.000214 
363 0.000657 0.000399 0.000380  0.000243 
364 0.000632 0.000339 0.000386  0.000259 
365 0.000677 0.000328 0.000384  0.000215 
366 0.000651 0.000409 0.000385  0.000263 
367 0.000665 0.000336 0.000396  0.000218 
368 0.000659 0.000347 0.000382  0.000225 
369 0.000657 0.000591 0.000380  0.000234 
370 0.000673 0.000400 0.000402  0.000221 
371 0.000743 0.000459 0.000391  0.000238 
372 0.000667 0.000336 0.000380  0.000220 
373 0.000652 0.000456 0.000380  0.000218 
374 0.000646 0.000528 0.000382  0.000317 
375 0.000639 0.000473 0.000378  0.000330 
376 0.000648 0.000411 0.000377  0.000250 
377 0.000658 0.000330 0.000379  0.000222 
378 0.000641 0.000339 0.000375  0.000259 
379 0.000730 0.000341 0.000420  0.000259 
380 0.000647 0.000331 0.000393  0.000218 
381 0.000648 0.000331 0.000434  0.000247 
382 0.000647 0.000334 0.000377  0.000243 
383 0.000651 0.000386 0.000373  0.000215 
384 0.000667 0.000351 0.000393  0.000253 
385 0.000704 0.000351 0.000401  0.000309 
386 0.000652 0.000351 0.000393  0.000361 
387 0.000658 0.000342 0.000402  0.000259 
388 0.000653 0.000417 0.000413  0.000249 
389 0.000652 0.000424 0.000393  0.000277 
390 0.000659 0.000342 0.000439  0.000249 
391 0.000660 0.000431 0.000402  0.000245 
392 0.000665 0.000340 0.000391  0.000247 
393 0.000652 0.000392 0.000394  0.000291 
394 0.000694 0.000599 0.000404  0.000265 
395 0.000676 0.000427 0.000413  0.000250 
396 0.000648 0.000389 0.000396  0.000313 
397 0.000663 0.000380 0.000392  0.000248 
398 0.000664 0.000342 0.000445  0.000248 
399 0.000654 0.000412 0.000397  0.000328 
400 0.000699 0.000460 0.000389  0.000363 
401 0.000761 0.000357 0.000540  0.000272 
402 0.000729 0.000373 0.000517  0.000266 
403 0.000687 0.000364 0.000525  0.000260 
404 0.000682 0.000407 0.000413  0.000394 
405 0.000698 0.000351 0.000402  0.000272 
406 0.000706 0.000729 0.000415  0.000261 
407 0.000689 0.000367 0.000457  0.000334 
408 0.000700 0.000441 0.000402  0.000277 
409 0.000737 0.000452 0.000404  0.000260 
410 0.000883 0.000599 0.000417  0.000271 
411 0.000687 0.000356 0.000415  0.000273 
412 0.000751 0.000354 0.000419  0.000270 
413 0.000716 0.000453 0.000411  0.000277 
414 0.000680 0.000371 0.000404  0.000266 
415 0.000682 0.000357 0.000421  0.000281 
416 0.000736 0.000354 0.000429  0.000278 
417 0.000675 0.000444 0.000415  0.000287 
418 0.000755 0.000356 0.000419  0.000283 
419 0.000730 0.000355 0.000422  0.000286 
420 0.000688 0.000356 0.000426  0.000272 
421 0.000693 0.000434 0.000418  0.000270 
422 0.000677 0.000365 0.000409  0.000287 
423 0.000678 0.000424 0.000409  0.000264 
424 0.000670 0.000347 0.000439  0.000278 
425 0.000670 0.000349 0.000400  0.000258 
426 0.000674 0.000372 0.000510  0.000277 
427 0.000690 0.000357 0.000411  0.000281 
428 0.000692 0.000525 0.000409  0.000287 
429 0.000697 0.000357 0.000428  0.000266 
430 0.000675 0.000346 0.000405  0.000264 
431 0.000670 0.000350 0.000419  0.000271 
432 0.000720 0.000358 0.000406  0.000279 
433 0.000670 0.000352 0.000408  0.000276 
434 0.000669 0.000351 0.000437  0.000336 
435 0.000676 0.000520 0.000403  0.000355 
436 0.000674 0.000401 0.000423  0.000271 
437 0.000687 0.000364 0.000408  0.000268 
438 0.000813 0.000477 0.000409  0.000357 
439 0.000718 0.000435 0.000411  0.000276 
440 0.000751 0.000362 0.000438  0.000286 
441 0.000683 0.000371 0.000471  0.000296 
442 0.000705 0.000443 0.000426  0.000299 
443 0.000710 0.000433 0.000414  0.000301 
444 0.000675 0.000361 0.000405  0.000293 
445 0.000668 0.000405 0.000408  0.000341 
446 0.000679 0.000603 0.000406  0.000271 
447 0.000676 0.000341 0.000409  0.000264 
448 0.000674 0.000415 0.000417  0.000315 
449 0.000834 0.000376 0.000444  0.000332 
450 0.000806 0.000390 0.000477  0.000456 
451 0.000789 0.000415 0.000489  0.000332 
452 0.000740 0.000392 0.000446  0.000338 
453 0.000779 0.000381 0.000453  0.000428 
454 0.000708 0.000373 0.000438  0.000318 
455 0.000731 0.000484 0.000434  0.000313 
456 0.000700 0.000469 0.000445  0.000318 
457 0.000710 0.000370 0.000446  0.000385 
458 0.000718 0.000376 0.000495  0.000333 
459 0.000696 0.000493 0.000432  0.000314 
460 0.000728 0.000471 0.000437  0.000329 
461 0.000695 0.000655 0.000427  0.000369 
462 0.000703 0.000364 0.000440  0.000322 
463 0.000706 0.000651 0.000443  0.000309 
464 0.000738 0.000380 0.000433  0.000325 
465 0.000695 0.000375 0.000421  0.000332 
466 0.000684 0.000416 0.000424  0.000311 
467 0.000691 0.000559 0.000436  0.000327 
468 0.000696 0.000381 0.000435  0.000313 
469 0.000700 0.000392 0.000441  0.000382 
470 0.000721 0.000379 0.000443  0.000324 
471 0.000684 0.000377 0.000431  0.000334 
472 0.000741 0.000538 0.000478  0.000325 
473 0.000752 0.000399 0.000492  0.000337 
474 0.000709 0.000394 0.000446  0.000339 
475 0.000700 0.000379 0.000433  0.000388 
476 0.000695 0.000366 0.000428  0.000318 
477 0.001002 0.000529 0.000445  0.000418 
478 0.000857 0.000491 0.000461  0.000357 
479 0.000934 0.000486 0.000563  0.000538 
480 0.000748 0.000501 0.000489  0.000344 
481 0.000819 0.001072 0.000456  0.000346 
482 0.000709 0.000399 0.000440  0.000347 
483 0.000905 0.000458 0.000478  0.000330 
484 0.000722 0.000491 0.000437  0.000339 
485 0.000795 0.000380 0.000487  0.000347 
486 0.000728 0.000383 0.000462  0.000340 
487 0.000753 0.000417 0.000470  0.000344 
488 0.000714 0.000368 0.000443  0.000328 
489 0.000778 0.000372 0.000483  0.000324 
490 0.000706 0.000386 0.000439  0.000328 
491 0.000693 0.000490 0.000450  0.000329 
492 0.000711 0.000374 0.000437  0.000331 
493 0.000724 0.000383 0.000455  0.000349 
494 0.000708 0.000370 0.000472  0.000340 
495 0.000739 0.000373 0.000442  0.000326 
496 0.000740 0.000384 0.000457  0.000345 
497 0.000770 0.000522 0.000446  0.000350 
498 0.000814 0.000393 0.000468  0.000364 
499 0.000725 0.000694 0.000452  0.000345 
500 0.000745 0.000443 0.000478  0.000349 
501 0.000720 0.000384 0.000466  0.000346 
502 0.000733 0.000503 0.000445  0.000350 
503 0.000723 0.000384 0.000458  0.000348 
504 0.000867 0.000681 0.000468  0.000447 
505 0.000734 0.000387 0.000449  0.000353 
506 0.000746 0.000382 0.000457  0.000358 
507 0.000713 0.000400 0.000451  0.000350 
508 0.000726 0.000385 0.000466  0.000346 
509 0.000729 0.000382 0.000460  0.000361 
510 0.000712 0.000388 0.000443  0.000347 
511 0.000726 0.000375 0.000453  0.000335 
512 0.000711 0.000396 0.000452  0.000365 
513 0.000775 0.000391 0.000509  0.000553 
514 0.000862 0.000687 0.000454  0.000443 
515 0.000775 0.000391 0.000494  0.000554 
516 0.000843 0.000723 0.000499  0.000402 
517 0.000738 0.000399 0.000471  0.000456 
518 0.000739 0.000517 0.000470  0.000402 
519 0.000725 0.000717 0.000501  0.000377 
520 0.000722 0.001229 0.000455  0.000396 
521 0.000723 0.000441 0.000453  0.000437 
522 0.000720 0.000644 0.000455  0.000451 
523 0.000739 0.000392 0.000507  0.000382 
524 0.000728 0.000511 0.000502  0.000393 
525 0.000724 0.000392 0.000471  0.000380 
526 0.000737 0.000629 0.000505  0.000419 
527 0.000726 0.000656 0.000484  0.000384 
528 0.000741 0.000403 0.000479  0.000397 
529 0.000732 0.000390 0.000496  0.000393 
530 0.000737 0.000405 0.000457  0.000426 
531 0.000730 0.000414 0.000462  0.000402 
532 0.000712 0.000400 0.000454  0.000388 
533 0.000975 0.000512 0.000503  0.000458 
534 0.000750 0.000401 0.000486  0.000406 
535 0.000747 0.000443 0.000520  0.000410 
536 0.000766 0.000405 0.000476  0.000393 
537 0.000762 0.000522 0.000472  0.000458 
538 0.000761 0.000395 0.000557  0.000424 
539 0.000753 0.000404 0.000480  0.000406 
540 0.000752 0.000403 0.000492  0.000403 
541 0.000725 0.000533 0.000466  0.000399 
542 0.000761 0.000517 0.000469  0.000470 
543 0.000746 0.000531 0.000485  0.000422 
544 0.000763 0.000401 0.000480  0.000401 
545 0.000736 0.000409 0.000470  0.000412 
546 0.000734 0.000398 0.000480  0.000451 
547 0.000761 0.000659 0.000463  0.000395 
548 0.000748 0.000414 0.000477  0.000448 
549 0.000746 0.000545 0.000487  0.000426 
550 0.000733 0.000411 0.000468  0.000426 
551 0.000779 0.000406 0.000485  0.000435 
552 0.000741 0.000524 0.000477  0.000450 
553 0.000730 0.000400 0.000519  0.000419 
554 0.000732 0.000778 0.000473  0.000434 
555 0.000733 0.000666 0.000476  0.000408 
556 0.000779 0.000401 0.000491  0.000408 
557 0.000748 0.000429 0.000478  0.000413 
558 0.000767 0.000953 0.000476  0.000418 
559 0.000759 0.000423 0.000480  0.000414 
560 0.000763 0.000408 0.000488  0.000412 
561 0.000749 0.000536 0.000472  0.000417 
562 0.000808 0.000450 0.000470  0.000517 
563 0.000771 0.000399 0.000477  0.000408 
564 0.000728 0.000397 0.000472  0.000414 
565 0.000745 0.000410 0.000470  0.000426 
566 0.000767 0.000402 0.000478  0.000495 
567 0.000809 0.000442 0.000488  0.000418 
568 0.000732 0.000410 0.000476  0.000414 
569 0.000771 0.000680 0.000495  0.000435 
570 0.000785 0.000589 0.000503  0.000477 
571 0.000759 0.000464 0.000489  0.000421 
572 0.000784 0.000725 0.000533  0.000476 
573 0.000803 0.000414 0.000511  0.000429 
574 0.000746 0.000938 0.000491  0.000421 
575 0.000747 0.000399 0.000488  0.000413 
576 0.000847 0.000445 0.000546  0.000468 
577 0.000802 0.000577 0.000496  0.000556 
578 0.000759 0.000925 0.000501  0.000461 
579 0.000768 0.000421 0.000505  0.000442 
580 0.000761 0.000571 0.000493  0.000555 
581 0.000770 0.001195 0.000486  0.000450 
582 0.000744 0.000428 0.000489  0.000493 
583 0.000754 0.000428 0.000508  0.000448 
584 0.000771 0.000575 0.000494  0.000467 
585 0.000765 0.000417 0.000507  0.000483 
586 0.000885 0.000783 0.000492  0.000456 
587 0.000761 0.000418 0.000505  0.000528 
588 0.000762 0.000420 0.000506  0.000461 
589 0.000762 0.000419 0.000546  0.000483 
590 0.000801 0.000429 0.000495  0.000470 
591 0.000761 0.000416 0.000506  0.000509 
592 0.000801 0.000440 0.000636  0.000538 
593 0.000769 0.000570 0.000505  0.000459 
594 0.000767 0.000425 0.000498  0.000478 
595 0.000776 0.000440 0.000507  0.000547 
596 0.000784 0.000429 0.000549  0.000492 
597 0.000777 0.000442 0.000508  0.000466 
598 0.000786 0.000433 0.000532  0.000475 
599 0.000773 0.000421 0.000509  0.000470 
600 0.000780 0.000425 0.000511  0.000469 
601 0.000768 0.000423 0.000508  0.000514 
602 0.000763 0.000422 0.000499  0.000517 
603 0.000765 0.001111 0.000508  0.000479 
604 0.000768 0.000905 0.000506  0.000476 
605 0.000822 0.000423 0.000621  0.000486 
606 0.000758 0.000434 0.000504  0.000495 
607 0.000774 0.000579 0.000508  0.000471 
608 0.000776 0.000576 0.000507  0.000475 
609 0.000774 0.000436 0.000506  0.000490 
610 0.000774 0.000440 0.000496  0.000491 
611 0.000816 0.000588 0.000504  0.000505 
612 0.000802 0.000747 0.000501  0.000474 
613 0.000785 0.001130 0.000523  0.000496 
614 0.000770 0.000427 0.000510  0.000482 
615 0.000766 0.000434 0.000507  0.000490 
616 0.000798 0.000440 0.000527  0.000492 
617 0.000810 0.000438 0.000506  0.000492 
618 0.000807 0.000436 0.000520  0.000506 
619 0.000810 0.000443 0.000536  0.000494 
620 0.000772 0.000440 0.000511  0.000511 
621 0.000786 0.000443 0.000514  0.000499 
622 0.000771 0.000429 0.000521  0.000502 
623 0.000934 0.000480 0.000635  0.000482 
624 0.000778 0.000441 0.000552  0.000487 
625 0.000804 0.000769 0.000526  0.000533 
626 0.000776 0.000439 0.000515  0.000492 
627 0.000815 0.000447 0.000537  0.000497 
628 0.000790 0.000768 0.000523  0.000492 
629 0.000806 0.000441 0.000529  0.000504 
630 0.000907 0.000439 0.000510  0.000524 
631 0.000777 0.001547 0.000522  0.000504 
632 0.000820 0.000433 0.000522  0.000489 
633 0.000789 0.001073 0.000531  0.000502 
634 0.000780 0.000760 0.000526  0.000490 
635 0.000815 0.000443 0.000520  0.000493 
636 0.000858 0.000596 0.000508  0.000562 
637 0.000790 0.000444 0.000512  0.000490 
638 0.000773 0.000591 0.000502  0.000526 
639 0.000759 0.000424 0.000513  0.000467 
640 0.000786 0.000491 0.000531  0.000516 
641 0.000803 0.000800 0.000533  0.000565 
642 0.000828 0.000472 0.000550  0.000559 
643 0.000790 0.000448 0.000544  0.000546 
644 0.000809 0.000481 0.000540  0.000543 
645 0.000807 0.000808 0.000530  0.000583 
646 0.000851 0.000633 0.000577  0.000557 
647 0.000809 0.000809 0.000539  0.000679 
648 0.000814 0.000987 0.000539  0.000591 
649 0.000798 0.000641 0.000575  0.000557 
650 0.000855 0.001514 0.000544  0.000544 
651 0.000895 0.001001 0.000545  0.000583 
652 0.000805 0.000461 0.000535  0.000539 
653 0.000786 0.000499 0.000529  0.000539 
654 0.000811 0.000451 0.000543  0.000549 
655 0.000794 0.000633 0.000587  0.000571 
656 0.000842 0.000501 0.000535  0.000537 
657 0.000816 0.000452 0.000611  0.000551 
658 0.000866 0.000713 0.000617  0.000594 
659 0.000828 0.000641 0.000546  0.000558 
660 0.000808 0.000650 0.000538  0.000565 
661 0.000808 0.000463 0.000533  0.000626 
662 0.000798 0.000649 0.000545  0.000661 
663 0.000799 0.000460 0.000541  0.000625 
664 0.000825 0.000474 0.000550  0.000570 
665 0.000814 0.000460 0.000555  0.000600 
666 0.000817 0.000468 0.000538  0.000553 
667 0.000864 0.000646 0.000548  0.000549 
668 0.000809 0.001563 0.000549  0.000560 
669 0.000808 0.000521 0.000536  0.000546 
670 0.000799 0.000829 0.000562  0.000575 
671 0.000821 0.000471 0.000559  0.000584 
672 0.000812 0.000459 0.000605  0.000565 
673 0.000849 0.000649 0.000551  0.000554 
674 0.000817 0.000462 0.000554  0.000565 
675 0.000982 0.000666 0.000616  0.000578 
676 0.000810 0.000459 0.000551  0.000582 
677 0.000837 0.000667 0.000579  0.000585 
678 0.000846 0.000664 0.000551  0.000552 
679 0.000826 0.000477 0.000568  0.000664 
680 0.000817 0.000509 0.000570  0.000559 
681 0.000907 0.000465 0.000552  0.000569 
682 0.000805 0.000475 0.000548  0.000557 
683 0.000876 0.000477 0.000596  0.000587 
684 0.000823 0.000464 0.000558  0.000567 
685 0.000872 0.000465 0.000557  0.000636 
686 0.000832 0.000480 0.000562  0.000589 
687 0.000829 0.000479 0.000590  0.000591 
688 0.000833 0.000679 0.000577  0.000585 
689 0.000809 0.000475 0.000587  0.000574 
690 0.000845 0.000707 0.000586  0.000689 
691 0.000832 0.000487 0.000563  0.000581 
692 0.000827 0.000476 0.000563  0.000613 
693 0.000861 0.000465 0.000590  0.000576 
694 0.000815 0.000475 0.000561  0.000581 
695 0.000833 0.001256 0.000574  0.000591 
696 0.000828 0.000480 0.000564  0.000611 
697 0.000834 0.000885 0.000570  0.000618 
698 0.000827 0.000514 0.000556  0.000591 
699 0.000890 0.000472 0.000552  0.000596 
700 0.000843 0.000478 0.000582  0.000617 
701 0.000812 0.001432 0.000568  0.000606 
702 0.000820 0.002163 0.000559  0.000579 
703 0.000820 0.000456 0.000563  0.000579 
704 0.000862 0.000503 0.000589  0.000641 
705 0.000889 0.000484 0.000587  0.000641 
706 0.000850 0.000938 0.000630  0.000647 
707 0.000860 0.000492 0.000594  0.000697 
708 0.000864 0.000494 0.000583  0.000652 
709 0.000837 0.000499 0.000590  0.000669 
710 0.000913 0.000494 0.000595  0.000662 
711 0.000846 0.000488 0.000586  0.000665 
712 0.000862 0.000499 0.000581  0.000656 
713 0.000847 0.000499 0.000585  0.000717 
714 0.000863 0.000492 0.000639  0.000655 
715 0.000854 0.000946 0.000590  0.000662 
716 0.000849 0.000507 0.000595  0.000666 
717 0.000853 0.000490 0.000594  0.000785 
718 0.000853 0.000728 0.000591  0.000643 
719 0.000852 0.001163 0.000599  0.000648 
720 0.000884 0.000735 0.000606  0.000680 
721 0.000879 0.000512 0.000605  0.000680 
722 0.000858 0.000745 0.000608  0.000675 
723 0.000879 0.000514 0.000598  0.000663 
724 0.000869 0.000965 0.000606  0.000670 
725 0.000848 0.000765 0.000601  0.000653 
726 0.000856 0.000501 0.000586  0.000733 
727 0.000864 0.000547 0.000591  0.000706 
728 0.000858 0.000503 0.000601  0.000664 
729 0.000852 0.000533 0.000592  0.000657 
730 0.000868 0.000963 0.000617  0.000697 
731 0.000851 0.000509 0.000593  0.000659 
732 0.000853 0.000723 0.000596  0.000666 
733 0.000895 0.000503 0.000602  0.000664 
734 0.000857 0.000759 0.000597  0.000697 
735 0.000888 0.000517 0.000605  0.000693 
736 0.000867 0.000724 0.000605  0.000696 
737 0.000872 0.000506 0.000593  0.000715 
738 0.000886 0.000519 0.000616  0.000702 
739 0.000879 0.000508 0.000629  0.000685 
740 0.000860 0.000974 0.000601  0.000738 
741 0.001022 0.001443 0.000597  0.000658 
742 0.000866 0.000499 0.000607  0.000686 
743 0.000873 0.000512 0.000624  0.000701 
744 0.000855 0.000508 0.000610  0.000725 
745 0.000876 0.000514 0.000614  0.000696 
746 0.000882 0.000518 0.000612  0.000747 
747 0.000859 0.000736 0.000623  0.000675 
748 0.000862 0.000502 0.000636  0.000701 
749 0.000863 0.000546 0.000606  0.000672 
750 0.000884 0.001217 0.000613  0.000692 
751 0.000858 0.000500 0.000654  0.000668 
752 0.000859 0.001432 0.000643  0.000720 
753 0.000911 0.000749 0.000605  0.000683 
754 0.000890 0.000527 0.000617  0.000697 
755 0.000873 0.000509 0.000611  0.000668 
756 0.000907 0.000511 0.000617  0.000677 
757 0.000888 0.000539 0.000622  0.000706 
758 0.000883 0.001008 0.000613  0.000709 
759 0.000870 0.000513 0.000614  0.000681 
760 0.000884 0.000525 0.000619  0.000716 
761 0.000865 0.001712 0.000611  0.000692 
762 0.000865 0.000990 0.000646  0.000709 
763 0.000869 0.000507 0.000611  0.000739 
764 0.000873 0.000509 0.000615  0.000746 
765 0.000885 0.000532 0.000619  0.000696 
766 0.000868 0.000543 0.000592  0.000674 
767 0.000853 0.000491 0.000592  0.000662 
768 0.000919 0.000538 0.000647  0.000759 
769 0.000911 0.001326 0.000677  0.000756 
770 0.000910 0.000550 0.000646  0.000806 
771 0.000910 0.000556 0.000646  0.000758 
772 0.000884 0.001062 0.000634  0.000742 
773 0.000891 0.000539 0.000636  0.000815 
774 0.000889 0.000834 0.000644  0.000764 
775 0.000908 0.001052 0.000650  0.000800 
776 0.000916 0.000550 0.000648  0.000798 
777 0.000919 0.000553 0.000653  0.000775 
778 0.000896 0.000533 0.000641  0.000814 
779 0.000922 0.000562 0.000651  0.000817 
780 0.000926 0.000553 0.000660  0.000752 
781 0.000899 0.000797 0.000657  0.000760 
782 0.000905 0.000538 0.000688  0.000756 
783 0.000904 0.000532 0.000662  0.000773 
784 0.000933 0.000542 0.000661  0.000757 
785 0.001002 0.000556 0.000651  0.000768 
786 0.000900 0.000820 0.000648  0.000774 
787 0.001041 0.000543 0.000672  0.000779 
788 0.000927 0.000817 0.000643  0.000778 
789 0.000940 0.001091 0.000656  0.000803 
790 0.000937 0.000827 0.000665  0.000812 
791 0.000931 0.000549 0.000660  0.000791 
792 0.000939 0.001078 0.000650  0.000780 
793 0.000920 0.000830 0.000677  0.000783 
794 0.000923 0.001640 0.000657  0.000791 
795 0.000931 0.000558 0.000673  0.000789 
796 0.000950 0.000586 0.000655  0.000765 
797 0.000936 0.001074 0.000652  0.000787 
798 0.000901 0.000543 0.000632  0.000880 
799 0.000918 0.000554 0.000677  0.000793 
800 0.000927 0.001151 0.000665  0.000796 
801 0.000955 0.000552 0.000654  0.000881 
802 0.000916 0.000546 0.000662  0.000786 
803 0.000903 0.000547 0.000667  0.000782 
804 0.000917 0.000559 0.000656  0.000785 
805 0.000922 0.001670 0.000657  0.000776 
806 0.000912 0.000827 0.000693  0.000808 
807 0.000924 0.000567 0.000665  0.000791 
808 0.000935 0.000559 0.000664  0.000832 
809 0.000932 0.000553 0.000673  0.000794 
810 0.000967 0.000819 0.000652  0.000832 
811 0.000950 0.001132 0.000716  0.000793 
812 0.000911 0.000586 0.000655  0.000816 
813 0.000932 0.001112 0.000669  0.000798 
814 0.000931 0.000560 0.000686  0.000819 
815 0.000937 0.000566 0.000668  0.000812 
816 0.000951 0.000571 0.000699  0.000814 
817 0.000955 0.000556 0.000670  0.000860 
818 0.000949 0.001688 0.000666  0.000828 
819 0.000943 0.000838 0.000665  0.000820 
820 0.000928 0.001365 0.000706  0.000855 
821 0.000977 0.001659 0.000654  0.000795 
822 0.000935 0.001134 0.000667  0.000816 
823 0.000957 0.000551 0.000654  0.000805 
824 0.000931 0.000568 0.000687  0.000822 
825 0.000923 0.000594 0.000673  0.000797 
826 0.000926 0.001654 0.000664  0.000870 
827 0.000953 0.000551 0.000676  0.000783 
828 0.000957 0.001420 0.000665  0.000836 
829 0.000948 0.000884 0.000678  0.000862 
830 0.000935 0.000559 0.000665  0.000860 
831 0.000927 0.002084 0.000643  0.000789 
832 0.000976 0.000562 0.000693  0.000833 
833 0.000961 0.001517 0.000714  0.000873 
834 0.000986 0.000617 0.000743  0.000903 
835 0.000963 0.000602 0.000697  0.000882 
836 0.001012 0.000923 0.000694  0.000889 
837 0.000968 0.000899 0.000717  0.000871 
838 0.000959 0.000889 0.000703  0.000860 
839 0.000952 0.001234 0.000697  0.000861 
840 0.000982 0.000891 0.000703  0.000894 
841 0.000949 0.000878 0.000706  0.000850 
842 0.000955 0.000598 0.000740  0.000865 
843 0.000968 0.001534 0.000710  0.000891 
844 0.000974 0.000591 0.000723  0.000901 
845 0.001025 0.000617 0.000739  0.000928 
846 0.000957 0.001546 0.000699  0.000901 
847 0.000959 0.000587 0.000707  0.000893 
848 0.000955 0.001809 0.000743  0.000867 
849 0.000997 0.000585 0.000705  0.000859 
850 0.000959 0.000591 0.000699  0.000896 
851 0.000976 0.001891 0.000699  0.000908 
852 0.000970 0.000701 0.000779  0.001061 
853 0.000992 0.000599 0.000753  0.000887 
854 0.000955 0.000586 0.000699  0.000956 
855 0.000965 0.000595 0.000692  0.000882 
856 0.000972 0.000588 0.000698  0.000906 
857 0.000981 0.000602 0.000723  0.000891 
858 0.000990 0.001508 0.000716  0.000904 
859 0.000962 0.000653 0.000708  0.001005 
860 0.000958 0.000638 0.000702  0.000890 
861 0.000948 0.000586 0.000715  0.000932 
862 0.001074 0.000599 0.000700  0.000931 
863 0.000986 0.001221 0.000707  0.000886 
864 0.000996 0.000603 0.000716  0.000932 
865 0.000976 0.000912 0.000710  0.000922 
866 0.000984 0.001217 0.000708  0.000939 
867 0.000970 0.000581 0.000712  0.000967 
868 0.001007 0.000597 0.000712  0.000891 
869 0.000965 0.000600 0.000735  0.000889 
870 0.000964 0.000913 0.000721  0.000895 
871 0.000961 0.001532 0.000713  0.000891 
872 0.000970 0.000593 0.000705  0.000893 
873 0.000974 0.000590 0.000718  0.000880 
874 0.000962 0.000594 0.000703  0.000905 
875 0.000999 0.000618 0.000745  0.000921 
876 0.001032 0.000942 0.000712  0.000899 
877 0.000972 0.000599 0.000743  0.000918 
878 0.000992 0.000947 0.000740  0.000926 
879 0.000965 0.000596 0.000757  0.000944 
880 0.000999 0.000600 0.000716  0.001002 
881 0.000989 0.000595 0.000717  0.000910 
882 0.000980 0.000599 0.000716  0.000946 
883 0.000965 0.000914 0.000748  0.000891 
884 0.000983 0.000600 0.000709  0.001021 
885 0.000972 0.001242 0.000724  0.000911 
886 0.000988 0.000593 0.000712  0.000995 
887 0.000991 0.000622 0.000738  0.000930 
888 0.000981 0.000603 0.000729  0.000914 
889 0.000971 0.000616 0.000726  0.000904 
890 0.001002 0.000612 0.000741  0.000948 
891 0.000982 0.000635 0.000720  0.001009 
892 0.000976 0.000598 0.000723  0.000954 
893 0.001081 0.000595 0.000716  0.000927 
894 0.000955 0.000591 0.000715  0.000926 
895 0.000986 0.000589 0.000704  0.000887 
896 0.000991 0.001684 0.000735  0.000954 
897 0.001028 0.000644 0.000767  0.001041 
898 0.001012 0.001345 0.000759  0.001012 
899 0.001006 0.000678 0.000795  0.001056 
900 0.001051 0.000698 0.000767  0.001059 
901 0.001020 0.001014 0.000758  0.001085 
902 0.001036 0.000650 0.000763  0.001049 
903 0.001011 0.000637 0.000776  0.001013 
904 0.001039 0.000643 0.000766  0.001147 
905 0.001120 0.000646 0.000776  0.001115 
906 0.001054 0.001055 0.000770  0.001048 
907 0.001036 0.001027 0.000787  0.001049 
908 0.001050 0.001400 0.000786  0.001072 
909 0.001027 0.001012 0.000770  0.001044 
910 0.001028 0.000633 0.000801  0.001113 
911 0.001064 0.001198 0.000797  0.001101 
912 0.001048 0.001049 0.000795  0.001055 
913 0.001024 0.000650 0.000767  0.001033 
914 0.001011 0.000661 0.000763  0.001026 
915 0.001043 0.001423 0.000806  0.001059 
916 0.001031 0.000689 0.000765  0.001023 
917 0.001063 0.000660 0.000777  0.001028 
918 0.001031 0.000680 0.000776  0.001178 
919 0.001035 0.000661 0.000783  0.001091 
920 0.001040 0.000655 0.000784  0.001075 
921 0.001065 0.000659 0.000803  0.001074 
922 0.001065 0.000664 0.000795  0.001084 
923 0.001034 0.001448 0.000783  0.001070 
924 0.001052 0.000671 0.000790  0.001074 
925 0.001036 0.000658 0.000783  0.001117 
926 0.001064 0.000644 0.000797  0.001052 
927 0.001086 0.000656 0.000782  0.001078 
928 0.001059 0.001801 0.000796  0.001065 
929 0.001061 0.001063 0.000798  0.001074 
930 0.001059 0.000681 0.000804  0.001083 
931 0.001053 0.001834 0.000799  0.001083 
932 0.001086 0.000670 0.000807  0.001061 
933 0.001103 0.000675 0.000793  0.001072 
934 0.001081 0.000676 0.000798  0.001082 
935 0.001060 0.000666 0.000835  0.001072 
936 0.001040 0.000660 0.000825  0.001166 
937 0.001068 0.000695 0.000797  0.001148 
938 0.001093 0.001161 0.000811  0.001075 
939 0.001045 0.000661 0.000784  0.001083 
940 0.001049 0.000659 0.000783  0.001067 
941 0.001158 0.001081 0.000864  0.001119 
942 0.001062 0.000671 0.000815  0.001097 
943 0.001044 0.000662 0.000793  0.001096 
944 0.001043 0.001847 0.000775  0.001064 
945 0.001118 0.000654 0.000788  0.001094 
946 0.001055 0.000708 0.000782  0.001089 
947 0.001072 0.000732 0.000799  0.001099 
948 0.001049 0.000702 0.000810  0.001069 
949 0.001102 0.000676 0.000778  0.001056 
950 0.001059 0.001050 0.000798  0.001090 
951 0.001116 0.002592 0.000790  0.001055 
952 0.001074 0.000660 0.000844  0.001076 
953 0.001051 0.001115 0.000786  0.001093 
954 0.001045 0.001487 0.000836  0.001064 
955 0.001055 0.002243 0.000829  0.001113 
956 0.001049 0.000661 0.000791  0.001067 
957 0.001068 0.000695 0.000815  0.001114 
958 0.001041 0.002157 0.000811  0.001066 
959 0.001066 0.000657 0.000786  0.001046 
960 0.001072 0.001566 0.000823  0.001118 
961 0.001122 0.001159 0.000847  0.001230 
962 0.001136 0.001151 0.000872  0.001204 
963 0.001135 0.000735 0.000878  0.001257 
964 0.001149 0.000716 0.000867  0.001178 
965 0.001097 0.001173 0.000856  0.001196 
966 0.001108 0.000720 0.000835  0.001171 
967 0.001107 0.000716 0.000844  0.001248 
968 0.001107 0.000711 0.000892  0.001164 
969 0.001117 0.001144 0.000852  0.001195 
970 0.001234 0.000781 0.000875  0.001278 
971 0.001114 0.002493 0.000864  0.001209 
972 0.001127 0.001169 0.000854  0.001245 
973 0.001136 0.000741 0.000865  0.001222 
974 0.001118 0.000728 0.000865  0.001316 
975 0.001100 0.000712 0.000862  0.001207 
976 0.001095 0.000710 0.000847  0.001215 
977 0.001099 0.000710 0.000855  0.001243 
978 0.001121 0.000733 0.000874  0.001202 
979 0.001134 0.000744 0.000889  0.001206 
980 0.001103 0.000715 0.000841  0.001226 
981 0.001194 0.000716 0.000886  0.001339 
982 0.001169 0.000775 0.000851  0.001229 
983 0.001104 0.001636 0.000851  0.001246 
984 0.001097 0.000733 0.000854  0.001250 
985 0.001190 0.000755 0.000866  0.001188 
986 0.001147 0.000732 0.000844  0.001184 
987 0.001113 0.001611 0.000870  0.001248 
988 0.001104 0.000763 0.000869  0.001227 
989 0.001132 0.000753 0.000880  0.001223 
990 0.001105 0.000732 0.000851  0.001200 
991 0.001101 0.001608 0.000853  0.001220 
992 0.001131 0.000809 0.000860  0.001195 
993 0.001116 0.000734 0.000899  0.001219 
994 0.001141 0.000738 0.000889  0.001216 
995 0.001155 0.000723 0.000853  0.001213 
996 0.001117 0.000721 0.000861  0.001318 
997 0.001242 0.001195 0.000849  0.001286 
998 0.001110 0.005111 0.000895  0.001221 
999 0.001126 0.000739 0.000876  0.001290 
1000 0.001149 0.000752 0.000876  0.001255 
1001 0.001213 0.000786 0.000903  0.001252 
1002 0.001127 0.000752 0.000880  0.001241 
1003 0.001105 0.000757 0.000874  0.001236 
1004 0.001111 0.001179 0.000876  0.001213 
1005 0.001116 0.000727 0.000863  0.001278 
1006 0.001139 0.000747 0.000901  0.001225 
1007 0.001104 0.001214 0.000861  0.001218 
1008 0.001116 0.000732 0.000876  0.001232 
1009 0.001208 0.001726 0.000863  0.001228 
1010 0.001118 0.003069 0.000857  0.001310 
1011 0.001128 0.000724 0.000918  0.001298 
1012 0.001149 0.000758 0.000884  0.001257 
1013 0.001138 0.001215 0.000883  0.001307 
1014 0.001147 0.001207 0.000905  0.001273 
1015 0.001237 0.000733 0.000900  0.001391 
1016 0.001118 0.001178 0.000919  0.001226 
1017 0.001116 0.000732 0.000873  0.001313 
1018 0.001136 0.000738 0.000859  0.001248 
1019 0.001137 0.000759 0.000898  0.001265 
1020 0.001195 0.001666 0.000892  0.001262 
1021 0.001115 0.000734 0.000910  0.001275 
1022 0.001116 0.000716 0.000859  0.001254 
1023 0.001094 0.000693 0.000829  0.001192 
1024 0.001151 0.000755 0.000909  0.001285 
1025 0.001181 0.001780 0.000918  0.001327 
1026 0.001152 0.001783 0.000914  0.001391 
1027 0.001194 0.000773 0.000912  0.001392 
1028 0.001190 0.000788 0.000936  0.001372 
1029 0.001167 0.000784 0.000916  0.001387 
1030 0.001167 0.000784 0.000918  0.001322 
1031 0.001213 0.000799 0.001018  0.001411 
1032 0.001182 0.000754 0.000925  0.001341 
1033 0.001173 0.000767 0.000918  0.001374 
1034 0.001209 0.000762 0.000947  0.001454 
1035 0.001164 0.000779 0.000915  0.001354 
1036 0.001228 0.000758 0.000962  0.001345 
1037 0.001164 0.000826 0.001053  0.001449 
1038 0.001248 0.003338 0.001002  0.001453 
1039 0.001257 0.000799 0.001065  0.001376 
1040 0.001194 0.000796 0.000922  0.001395 
1041 0.001183 0.001277 0.000920  0.001381 
1042 0.001219 0.002743 0.000913  0.001371 
1043 0.001181 0.000776 0.000957  0.001363 
1044 0.001182 0.000770 0.000914  0.001406 
1045 0.001174 0.002258 0.000914  0.001358 
1046 0.001182 0.002791 0.000958  0.001379 
1047 0.001186 0.000774 0.000929  0.001381 
1048 0.001182 0.000789 0.001004  0.001435 
1049 0.001253 0.000846 0.001193  0.001459 
1050 0.001170 0.000784 0.000958  0.001387 
1051 0.001189 0.000766 0.000920  0.001400 
1052 0.001239 0.000805 0.000987  0.001369 
1053 0.001202 0.000803 0.000944  0.001398 
1054 0.001192 0.000773 0.000924  0.001395 
1055 0.001292 0.000816 0.001063  0.001464 
1056 0.001176 0.000772 0.000933  0.001401 
1057 0.001183 0.000785 0.000936  0.001374 
1058 0.001196 0.001799 0.000931  0.001386 
1059 0.001225 0.000796 0.000953  0.001400 
1060 0.001192 0.000788 0.000948  0.001404 
1061 0.001193 0.000790 0.000936  0.001466 
1062 0.001194 0.002315 0.000929  0.001422 
1063 0.001196 0.001796 0.000933  0.001445 
1064 0.001312 0.000978 0.001056  0.001407 
1065 0.001244 0.000784 0.000939  0.001438 
1066 0.001275 0.000807 0.000980  0.001441 
1067 0.001190 0.000788 0.000945  0.001411 
1068 0.001229 0.000809 0.000965  0.001430 
1069 0.001219 0.000790 0.000965  0.001412 
1070 0.001232 0.000796 0.000956  0.001483 
1071 0.001200 0.001341 0.000945  0.001402 
1072 0.001201 0.001794 0.000951  0.001433 
1073 0.001215 0.000783 0.000949  0.001401 
1074 0.001248 0.000783 0.000975  0.001544 
1075 0.001258 0.001836 0.000951  0.001388 
1076 0.001218 0.000787 0.000932  0.001470 
1077 0.001271 0.000800 0.000938  0.001393 
1078 0.001220 0.000801 0.000963  0.001483 
1079 0.001197 0.000832 0.000934  0.001407 
1080 0.001228 0.000789 0.000972  0.001441 
1081 0.001227 0.000807 0.000974  0.001433 
1082 0.001253 0.001895 0.000964  0.001471 
1083 0.001240 0.000803 0.000992  0.001522 
1084 0.001267 0.000793 0.000982  0.001437 
1085 0.001243 0.001306 0.001001  0.001452 
1086 0.001191 0.000764 0.000924  0.001390 
1087 0.001195 0.000748 0.000942  0.001394 
1088 0.001235 0.000862 0.000969  0.001526 
1089 0.001246 0.000835 0.000999  0.001497 
1090 0.001259 0.003130 0.001034  0.001562 
1091 0.001295 0.000845 0.000994  0.001535 
1092 0.001261 0.000833 0.000989  0.001533 
1093 0.001256 0.000833 0.000986  0.001524 
1094 0.001343 0.001644 0.000989  0.001605 
1095 0.001279 0.002581 0.001013  0.001556 
1096 0.001291 0.000852 0.001016  0.001586 
1097 0.001247 0.000880 0.001004  0.001509 
1098 0.001352 0.000840 0.001024  0.001722 
1099 0.001263 0.000837 0.000999  0.001549 
1100 0.001243 0.000846 0.001007  0.001513 
1101 0.001266 0.000849 0.001001  0.001523 
1102 0.001326 0.000837 0.001010  0.001518 
1103 0.001261 0.000835 0.001011  0.001578 
1104 0.001254 0.002533 0.000992  0.001547 
1105 0.001266 0.000838 0.001006  0.001577 
1106 0.001252 0.001453 0.001004  0.001525 
1107 0.001287 0.000871 0.001001  0.001556 
1108 0.001276 0.001451 0.001025  0.001573 
1109 0.001261 0.001437 0.001019  0.001577 
1110 0.001257 0.000886 0.000997  0.001525 
1111 0.001261 0.003099 0.001001  0.001542 
1112 0.001313 0.002022 0.001037  0.001550 
1113 0.001265 0.001401 0.001178  0.001564 
1114 0.001257 0.000842 0.001005  0.001518 
1115 0.001270 0.001427 0.001005  0.001644 
1116 0.001278 0.002036 0.001039  0.001592 
1117 0.001274 0.002547 0.001005  0.001550 
1118 0.001263 0.001979 0.001061  0.001524 
1119 0.001313 0.001516 0.001016  0.001604 
1120 0.001314 0.000832 0.001008  0.001617 
1121 0.001297 0.002643 0.001041  0.001613 
1122 0.001355 0.000849 0.001019  0.001621 
1123 0.001317 0.000842 0.001047  0.001584 
1124 0.001302 0.000852 0.001024  0.001542 
1125 0.001273 0.000885 0.001071  0.001591 
1126 0.001281 0.000846 0.001022  0.001581 
1127 0.001323 0.001467 0.001009  0.001561 
1128 0.001262 0.002582 0.001011  0.001563 
1129 0.001284 0.000840 0.001012  0.001580 
1130 0.001263 0.000847 0.001018  0.001625 
1131 0.001295 0.002652 0.001046  0.001596 
1132 0.001326 0.000870 0.001036  0.001598 
1133 0.001325 0.000862 0.001017  0.001570 
1134 0.001275 0.000877 0.001024  0.001690 
1135 0.001286 0.000893 0.001036  0.001601 
1136 0.001288 0.000897 0.001054  0.001598 
1137 0.001272 0.000865 0.001034  0.001555 
1138 0.001271 0.000902 0.001020  0.001614 
1139 0.001280 0.000854 0.001036  0.001564 
1140 0.001326 0.000847 0.001014  0.001612 
1141 0.001304 0.000889 0.001048  0.001617 
1142 0.001330 0.002658 0.001058  0.001560 
1143 0.001325 0.000849 0.001040  0.001603 
1144 0.001300 0.002073 0.001045  0.001574 
1145 0.001303 0.000855 0.001078  0.001669 
1146 0.001320 0.000877 0.001047  0.001608 
1147 0.001285 0.005539 0.001029  0.001569 
1148 0.001348 0.000853 0.001073  0.001643 
1149 0.001287 0.001136 0.001027  0.001586 
1150 0.001305 0.001419 0.001037  0.001565 
1151 0.001285 0.000823 0.000999  0.001559 
1152 0.001360 0.002770 0.001071  0.001659 
1153 0.001341 0.001548 0.001084  0.001690 
1154 0.001382 0.000951 0.001080  0.001776 
1155 0.001375 0.000946 0.001122  0.001761 
1156 0.001372 0.000919 0.001092  0.001691 
1157 0.001379 0.000916 0.001089  0.001748 
1158 0.001365 0.000938 0.001114  0.001759 
1159 0.001355 0.000947 0.001220  0.001753 
1160 0.001359 0.000948 0.001091  0.001812 
1161 0.001372 0.001572 0.001091  0.001745 
1162 0.001370 0.000928 0.001094  0.001732 
1163 0.001336 0.000924 0.001105  0.001715 
1164 0.001386 0.000955 0.001108  0.001787 
1165 0.001375 0.000922 0.001086  0.001773 
1166 0.001386 0.000932 0.001094  0.001727 
1167 0.001353 0.000922 0.001091  0.001745 
1168 0.001402 0.001573 0.001093  0.001718 
1169 0.001362 0.000962 0.001096  0.001779 
1170 0.001397 0.001584 0.001098  0.001800 
1171 0.001351 0.000927 0.001160  0.001785 
1172 0.001376 0.001574 0.001154  0.001738 
1173 0.001344 0.000969 0.001091  0.001740 
1174 0.001362 0.000976 0.001093  0.001761 
1175 0.001347 0.000933 0.001160  0.001759 
1176 0.001394 0.001665 0.001140  0.001796 
1177 0.001371 0.000933 0.001105  0.001787 
1178 0.001355 0.001590 0.001095  0.001764 
1179 0.001383 0.001626 0.001136  0.001789 
1180 0.001369 0.000942 0.001152  0.001766 
1181 0.001372 0.000929 0.001114  0.001756 
1182 0.001355 0.000976 0.001118  0.001731 
1183 0.001368 0.000988 0.001105  0.001771 
1184 0.001512 0.000957 0.001136  0.001768 
1185 0.001372 0.000940 0.001172  0.001760 
1186 0.001394 0.000936 0.001117  0.001744 
1187 0.001375 0.000938 0.001117  0.001803 
1188 0.001418 0.000939 0.001116  0.001830 
1189 0.001478 0.001699 0.001169  0.002086 
1190 0.001381 0.000950 0.001155  0.001765 
1191 0.001380 0.000932 0.001104  0.001779 
1192 0.001466 0.000995 0.001113  0.001872 
1193 0.001374 0.000973 0.001117  0.001895 
1194 0.001404 0.003016 0.001163  0.001766 
1195 0.001414 0.000956 0.001153  0.001821 
1196 0.001407 0.000940 0.001190  0.001822 
1197 0.001421 0.002303 0.001124  0.001802 
1198 0.001368 0.000942 0.001150  0.001927 
1199 0.001436 0.000959 0.001147  0.001844 
1200 0.001389 0.000941 0.001128  0.001769 
1201 0.001391 0.000937 0.001117  0.001833 
1202 0.001379 0.000944 0.001121  0.001804 
1203 0.001391 0.001206 0.001141  0.001813 
1204 0.001382 0.000994 0.001116  0.001861 
1205 0.001378 0.001625 0.001121  0.001835 
1206 0.001379 0.000970 0.001123  0.001787 
1207 0.001481 0.001003 0.001189  0.001884 
1208 0.001413 0.000940 0.001132  0.001821 
1209 0.001398 0.001658 0.001154  0.001849 
1210 0.001469 0.000967 0.001150  0.001830 
1211 0.001403 0.000967 0.001165  0.001827 
1212 0.001437 0.002298 0.001125  0.001804 
1213 0.001387 0.000948 0.001146  0.001814 
1214 0.001387 0.001619 0.001125  0.001779 
1215 0.001320 0.000897 0.001078  0.001756 
1216 0.001430 0.000973 0.001156  0.001927 
1217 0.001542 0.000998 0.001188  0.001918 
1218 0.001435 0.001013 0.001199  0.001939 
1219 0.001478 0.001022 0.001185  0.002004 
1220 0.001440 0.001786 0.001197  0.001905 
1221 0.001518 0.001789 0.001206  0.002039 
1222 0.001487 0.001026 0.001210  0.001970 
1223 0.001446 0.001029 0.001189  0.001938 
1224 0.001494 0.001074 0.001182  0.001959 
1225 0.001497 0.001030 0.001223  0.001977 
1226 0.001469 0.001036 0.001223  0.002065 
1227 0.001530 0.001033 0.001222  0.002118 
1228 0.001527 0.001039 0.001190  0.001943 
1229 0.001493 0.001027 0.001220  0.001973 
1230 0.001456 0.001027 0.001287  0.001943 
1231 0.001469 0.001013 0.001202  0.001977 
1232 0.001454 0.001787 0.001191  0.001921 
1233 0.001518 0.001815 0.001227  0.001986 
1234 0.001520 0.001746 0.001275  0.001959 
1235 0.001495 0.001040 0.001227  0.002006 
1236 0.001465 0.001014 0.001204  0.001974 
1237 0.001591 0.002595 0.001194  0.002074 
1238 0.001462 0.001062 0.001189  0.002000 
1239 0.001454 0.001021 0.001194  0.001945 
1240 0.001501 0.001070 0.001195  0.001960 
1241 0.001476 0.001048 0.001215  0.001974 
1242 0.001460 0.001057 0.001219  0.001941 
1243 0.001461 0.001775 0.001213  0.001941 
1244 0.001457 0.001034 0.001213  0.001997 
1245 0.001482 0.001028 0.001206  0.001976 
1246 0.001500 0.001030 0.001223  0.001998 
1247 0.001481 0.001033 0.001212  0.002012 
1248 0.001607 0.002535 0.001244  0.002008 
1249 0.001467 0.001036 0.001226  0.002022 
1250 0.001506 0.001037 0.001224  0.001982 
1251 0.001498 0.001046 0.001255  0.001988 
1252 0.001481 0.001021 0.001260  0.001972 
1253 0.001497 0.001091 0.001222  0.001987 
1254 0.001470 0.002679 0.001208  0.001985 
1255 0.001548 0.001026 0.001211  0.001987 
1256 0.001480 0.001040 0.001255  0.002163 
1257 0.001465 0.001094 0.001250  0.001985 
1258 0.001515 0.001781 0.001258  0.001977 
1259 0.001529 0.001793 0.001247  0.002032 
1260 0.001473 0.002547 0.001307  0.002058 
1261 0.001486 0.001042 0.001228  0.001993 
1262 0.001461 0.001825 0.001262  0.002006 
1263 0.001693 0.001094 0.001242  0.002005 
1264 0.001475 0.001046 0.001307  0.001998 
1265 0.001578 0.001033 0.001233  0.001980 
1266 0.001511 0.001048 0.001230  0.002029 
1267 0.001525 0.001853 0.001325  0.002118 
1268 0.001543 0.001063 0.001263  0.002014 
1269 0.001556 0.001033 0.001271  0.002273 
1270 0.001480 0.003377 0.001240  0.002095 
1271 0.001476 0.001034 0.001230  0.002001 
1272 0.001473 0.001906 0.001216  0.002044 
1273 0.001484 0.001035 0.001214  0.002011 
1274 0.001526 0.002624 0.001273  0.002035 
1275 0.001526 0.001070 0.001260  0.002127 
1276 0.001521 0.001083 0.001283  0.002056 
1277 0.001477 0.001053 0.001268  0.002115 
1278 0.001425 0.006086 0.001229  0.001920 
1279 0.001622 0.001115 0.001615  0.002028 
1280 0.001549 0.001064 0.001268  0.002081 
1281 0.001626 0.001944 0.001320  0.002168 
1282 0.001585 0.005324 0.001559  0.002293 
1283 0.001545 0.001092 0.001300  0.002175 
1284 0.001589 0.003627 0.001334  0.002223 
1285 0.001549 0.001954 0.001284  0.002245 
1286 0.001613 0.001941 0.001297  0.002176 
1287 0.001570 0.001968 0.001341  0.002196 
1288 0.001539 0.001096 0.001299  0.002186 
1289 0.001588 0.001088 0.001291  0.002143 
1290 0.001547 0.004514 0.001288  0.002165 
1291 0.001573 0.001092 0.001338  0.002255 
1292 0.001620 0.001122 0.001345  0.002218 
1293 0.001595 0.001104 0.001297  0.002181 
1294 0.001556 0.001127 0.001297  0.002227 
1295 0.001559 0.001145 0.001334  0.002172 
1296 0.001595 0.001120 0.001316  0.002192 
1297 0.001541 0.001142 0.001294  0.002205 
1298 0.001593 0.001925 0.001285  0.002219 
1299 0.001583 0.001134 0.001340  0.002191 
1300 0.001580 0.001140 0.001320  0.002232 
1301 0.001643 0.001123 0.001320  0.002228 
1302 0.001546 0.001936 0.001338  0.002254 
1303 0.001586 0.001116 0.001300  0.002183 
1304 0.001570 0.001138 0.001300  0.002238 
1305 0.001551 0.001105 0.001311  0.002174 
1306 0.001567 0.001100 0.001304  0.002203 
1307 0.001592 0.001986 0.001337  0.002225 
1308 0.001557 0.002819 0.001296  0.002298 
1309 0.001570 0.003612 0.001317  0.002257 
1310 0.001590 0.004467 0.001313  0.002171 
1311 0.001586 0.001986 0.001387  0.002255 
1312 0.001634 0.001103 0.001317  0.002194 
1313 0.001564 0.001124 0.001320  0.002194 
1314 0.001595 0.001179 0.001348  0.002257 
1315 0.001567 0.002801 0.001342  0.002245 
1316 0.001580 0.001146 0.001360  0.002235 
1317 0.001552 0.001150 0.001316  0.002270 
1318 0.001588 0.001180 0.001317  0.002208 
1319 0.001599 0.001137 0.001364  0.002246 
1320 0.001591 0.002871 0.001351  0.002267 
1321 0.001563 0.003671 0.001318  0.002267 
1322 0.001589 0.002853 0.001325  0.002226 
1323 0.001602 0.001167 0.001367  0.002332 
1324 0.001558 0.002891 0.001359  0.002252 
1325 0.001575 0.005346 0.001331  0.002291 
1326 0.001620 0.001141 0.001364  0.002259 
1327 0.001588 0.001132 0.001321  0.002219 
1328 0.001616 0.002008 0.001368  0.002216 
1329 0.001615 0.001117 0.001389  0.002268 
1330 0.001794 0.002088 0.001320  0.002276 
1331 0.001581 0.003667 0.001364  0.002248 
1332 0.001616 0.002891 0.001354  0.002277 
1333 0.001577 0.001162 0.001314  0.002341 
1334 0.001593 0.001121 0.001346  0.002217 
1335 0.001630 0.001984 0.001325  0.002345 
1336 0.001593 0.001130 0.001369  0.002237 
1337 0.001595 0.001138 0.001331  0.002244 
1338 0.001580 0.002027 0.001380  0.002274 
1339 0.001623 0.001161 0.001362  0.002317 
1340 0.001617 0.001145 0.001363  0.002312 
1341 0.001698 0.001136 0.001336  0.002323 
1342 0.001601 0.001180 0.001351  0.002199 
1343 0.001531 0.001878 0.001256  0.002135 
1344 0.001630 0.001172 0.001369  0.002317 
1345 0.001653 0.001183 0.001442  0.002375 
1346 0.001717 0.001185 0.001391  0.002411 
1347 0.001682 0.001196 0.001391  0.002403 
1348 0.001646 0.002098 0.001433  0.002441 
1349 0.001762 0.001268 0.001392  0.002513 
1350 0.001695 0.001241 0.001398  0.002406 
1351 0.001688 0.001192 0.001396  0.002417 
1352 0.001645 0.002239 0.001403  0.002382 
1353 0.001695 0.002112 0.001448  0.002461 
1354 0.001742 0.001244 0.001390  0.002394 
1355 0.001653 0.001202 0.001393  0.002482 
1356 0.001657 0.001190 0.001671  0.002430 
1357 0.001667 0.001197 0.001401  0.002437 
1358 0.001659 0.001203 0.001390  0.002431 
1359 0.001665 0.001242 0.001397  0.002491 
1360 0.001705 0.002151 0.001424  0.002425 
1361 0.001691 0.001188 0.001401  0.002415 
1362 0.001668 0.001203 0.001423  0.002427 
1363 0.001697 0.001223 0.001463  0.002451 
1364 0.001639 0.002215 0.001398  0.002448 
1365 0.001703 0.001244 0.001452  0.002434 
1366 0.001663 0.001228 0.001426  0.002485 
1367 0.001678 0.001217 0.001493  0.002533 
1368 0.001727 0.001250 0.001452  0.002451 
1369 0.001671 0.002265 0.001438  0.002421 
1370 0.001679 0.001229 0.001428  0.002430 
1371 0.001669 0.001239 0.001420  0.002535 
1372 0.001651 0.002144 0.001424  0.002529 
1373 0.001819 0.001256 0.001493  0.002611 
1374 0.001797 0.001290 0.001496  0.002568 
1375 0.001724 0.001242 0.001447  0.002464 
1376 0.001728 0.001226 0.001439  0.002509 
1377 0.001676 0.001218 0.001454  0.002536 
1378 0.001727 0.001239 0.001461  0.002474 
1379 0.001673 0.001203 0.001433  0.002484 
1380 0.001682 0.001251 0.001419  0.002446 
1381 0.001658 0.004063 0.001419  0.002442 
1382 0.001720 0.003070 0.001425  0.002514 
1383 0.001677 0.004042 0.001475  0.002471 
1384 0.001667 0.002148 0.001427  0.002506 
1385 0.001738 0.005078 0.001462  0.002529 
1386 0.001660 0.003181 0.001434  0.002474 
1387 0.001664 0.001267 0.001416  0.002520 
1388 0.001685 0.001207 0.001425  0.002410 
1389 0.001724 0.001244 0.001437  0.002468 
1390 0.001683 0.001213 0.001436  0.002515 
1391 0.001675 0.001236 0.001446  0.002453 
1392 0.001682 0.001249 0.001425  0.002420 
1393 0.001754 0.004116 0.001426  0.002517 
1394 0.001691 0.001233 0.001451  0.002551 
1395 0.001731 0.001214 0.001441  0.002456 
1396 0.001683 0.001215 0.001431  0.002476 
1397 0.001724 0.002232 0.001438  0.002433 
1398 0.001750 0.001227 0.001437  0.002489 
1399 0.001684 0.002173 0.001446  0.002509 
1400 0.001692 0.004075 0.001474  0.002495 
1401 0.001675 0.001230 0.001477  0.002505 
1402 0.001694 0.001251 0.001483  0.002500 
1403 0.001700 0.002194 0.001497  0.002582 
1404 0.001737 0.001223 0.001492  0.002486 
1405 0.001748 0.001293 0.001548  0.002498 
1406 0.001653 0.001225 0.001420  0.002437 
1407 0.001701 0.001164 0.001415  0.002307 
1408 0.001764 0.001334 0.001543  0.002619 
1409 0.001776 0.001296 0.001519  0.002692 
1410 0.001768 0.003316 0.001547  0.002660 
1411 0.001816 0.001339 0.001559  0.002723 
1412 0.001811 0.002378 0.001521  0.002688 
1413 0.001774 0.001303 0.001525  0.002689 
1414 0.001843 0.001365 0.001555  0.002714 
1415 0.001783 0.002350 0.001535  0.002727 
1416 0.001802 0.001302 0.001557  0.002675 
1417 0.001772 0.001315 0.001535  0.002701 
1418 0.001769 0.001349 0.001533  0.002727 
1419 0.001781 0.001313 0.001524  0.002689 
1420 0.001792 0.001303 0.001569  0.002716 
1421 0.001798 0.001318 0.001532  0.002707 
1422 0.001831 0.001315 0.001534  0.002692 
1423 0.001775 0.002380 0.001540  0.002748 
1424 0.001812 0.002408 0.001556  0.002762 
1425 0.001819 0.002402 0.001531  0.002667 
1426 0.001837 0.001352 0.001569  0.002728 
1427 0.001841 0.001318 0.001610  0.002826 
1428 0.001810 0.001385 0.001546  0.002684 
1429 0.001785 0.001323 0.001553  0.002705 
1430 0.001894 0.001460 0.001767  0.002719 
1431 0.001821 0.001327 0.001547  0.002687 
1432 0.001809 0.001320 0.001586  0.002716 
1433 0.002031 0.001499 0.001712  0.002766 
1434 0.001856 0.001516 0.001579  0.002911 
1435 0.002219 0.003557 0.001734  0.002901 
1436 0.001800 0.001358 0.001550  0.002729 
1437 0.002098 0.004834 0.001659  0.002999 
1438 0.002142 0.002661 0.001789  0.002960 
1439 0.001840 0.001402 0.001573  0.002808 
1440 0.002484 0.001820 0.001945  0.003184 
1441 0.001846 0.001369 0.001591  0.002779 
1442 0.001854 0.001351 0.001592  0.002769 
1443 0.001802 0.001335 0.001616  0.002709 
1444 0.001834 0.001354 0.001597  0.002863 
1445 0.001828 0.001372 0.001542  0.002866 
1446 0.001845 0.001357 0.001568  0.002755 
1447 0.002235 0.003773 0.001724  0.003310 
1448 0.002031 0.001368 0.001692  0.002828 
1449 0.001855 0.004606 0.001594  0.002783 
1450 0.001848 0.001338 0.001558  0.002766 
1451 0.002148 0.001433 0.001673  0.002924 
1452 0.001886 0.002461 0.001591  0.002928 
1453 0.001872 0.003651 0.001708  0.002871 
1454 0.001808 0.004615 0.001607  0.002811 
1455 0.001810 0.001368 0.001569  0.002770 
1456 0.001878 0.001366 0.001608  0.002838 
1457 0.001814 0.002434 0.001558  0.002820 
1458 0.001908 0.001370 0.001639  0.002828 
1459 0.001867 0.001333 0.001652  0.002808 
1460 0.001890 0.001393 0.001612  0.002831 
1461 0.002032 0.003759 0.001678  0.003001 
1462 0.001817 0.001381 0.001573  0.002806 
1463 0.001856 0.003558 0.001603  0.002792 
1464 0.001821 0.002409 0.001580  0.002794 
1465 0.001936 0.001372 0.001573  0.002751 
1466 0.001855 0.001337 0.001581  0.002745 
1467 0.001858 0.001351 0.001577  0.002798 
1468 0.001813 0.003587 0.001651  0.002765 
1469 0.001854 0.001344 0.001590  0.002758 
1470 0.001814 0.001335 0.001565  0.002710 
1471 0.001853 0.001303 0.001536  0.002673 
1472 0.001882 0.001429 0.001604  0.002905 
1473 0.001910 0.001458 0.001660  0.002994 
1474 0.001903 0.001465 0.001643  0.003015 
1475 0.001934 0.001470 0.001701  0.003022 
1476 0.001932 0.003811 0.001706  0.003000 
1477 0.001943 0.001459 0.001667  0.003001 
1478 0.001957 0.002631 0.001708  0.003025 
1479 0.001900 0.001457 0.001706  0.002994 
1480 0.001914 0.001429 0.001658  0.002990 
1481 0.001933 0.001431 0.001669  0.003046 
1482 0.001992 0.006103 0.001721  0.003026 
1483 0.001908 0.003738 0.001666  0.003005 
1484 0.001927 0.001429 0.001735  0.003039 
1485 0.001932 0.001433 0.001661  0.003035 
1486 0.001970 0.002588 0.001674  0.002973 
1487 0.002002 0.001465 0.001694  0.003006 
1488 0.001947 0.001430 0.001702  0.002932 
1489 0.002086 0.005064 0.001662  0.003042 
1490 0.001960 0.002607 0.001667  0.003034 
1491 0.001957 0.001508 0.001710  0.003050 
1492 0.001910 0.001474 0.001675  0.003098 
1493 0.001903 0.001439 0.001701  0.003017 
1494 0.001928 0.001474 0.001781  0.003084 
1495 0.001953 0.001447 0.001731  0.003010 
1496 0.002072 0.001509 0.001733  0.003078 
1497 0.001958 0.001487 0.001721  0.003043 
1498 0.001981 0.001477 0.001705  0.003030 
1499 0.002015 0.006446 0.001732  0.003085 
1500 0.001928 0.002620 0.001709  0.003097 
1501 0.001976 0.001480 0.001713  0.003078 
1502 0.001959 0.001437 0.001677  0.003068 
1503 0.001919 0.001482 0.001750  0.003098 
1504 0.002002 0.001459 0.001710  0.003081 
1505 0.001978 0.002629 0.001688  0.002987 
1506 0.001972 0.001488 0.001727  0.003089 
1507 0.002022 0.001495 0.001720  0.003058 
1508 0.001959 0.001459 0.001701  0.003054 
1509 0.001973 0.001462 0.001696  0.003014 
1510 0.001955 0.005068 0.001676  0.003041 
1511 0.001983 0.001452 0.001698  0.003021 
1512 0.001985 0.001488 0.001719  0.003098 
1513 0.001953 0.001460 0.001713  0.003070 
1514 0.001931 0.002666 0.001706  0.003123 
1515 0.001987 0.001494 0.001724  0.003067 
1516 0.001947 0.001461 0.001954  0.003007 
1517 0.001950 0.001528 0.001748  0.003052 
1518 0.001991 0.001490 0.001753  0.003077 
1519 0.001951 0.001452 0.001748  0.003055 
1520 0.001932 0.001571 0.001729  0.003109 
1521 0.001977 0.002680 0.001773  0.003085 
1522 0.001943 0.002695 0.001715  0.003139 
1523 0.001942 0.002651 0.001711  0.003025 
1524 0.001953 0.001463 0.001747  0.003096 
1525 0.001933 0.002711 0.001738  0.003170 
1526 0.001988 0.001476 0.001836  0.003145 
1527 0.001995 0.002794 0.001739  0.003152 
1528 0.001947 0.006267 0.001719  0.003035 
1529 0.001982 0.001466 0.001754  0.003163 
1530 0.001948 0.001461 0.001717  0.003129 
1531 0.001961 0.001471 0.001707  0.003097 
1532 0.001993 0.001476 0.001767  0.003070 
1533 0.002001 0.001485 0.001712  0.003084 
1534 0.001958 0.002541 0.001656  0.002979 
1535 0.001945 0.001455 0.001751  0.002950 
1536 0.002036 0.001542 0.001791  0.003232 
1537 0.002112 0.002829 0.001813  0.003307 
1538 0.002098 0.001561 0.001819  0.003320 
1539 0.002019 0.001573 0.001809  0.003344 
1540 0.002118 0.001589 0.001782  0.003295 
1541 0.002098 0.001590 0.001846  0.003282 
1542 0.002034 0.001541 0.001807  0.003274 
1543 0.002034 0.001591 0.001821  0.003331 
1544 0.002174 0.001574 0.001843  0.003237 
1545 0.002048 0.004162 0.001797  0.003369 
1546 0.002126 0.001587 0.001800  0.003223 
1547 0.002043 0.001584 0.001792  0.003276 
1548 0.002029 0.001548 0.001833  0.003298 
1549 0.002085 0.001565 0.001831  0.003315 
1550 0.002085 0.008129 0.001848  0.003330 
1551 0.002049 0.001560 0.001832  0.003261 
1552 0.002052 0.001641 0.001840  0.003298 
1553 0.002176 0.001590 0.001839  0.003317 
1554 0.002095 0.001552 0.001809  0.003242 
1555 0.002149 0.001634 0.001902  0.003286 
1556 0.002148 0.003097 0.001863  0.003449 
1557 0.002051 0.001590 0.001822  0.003332 
1558 0.002096 0.001578 0.001788  0.003327 
1559 0.002069 0.001595 0.001870  0.003318 
1560 0.002210 0.003014 0.002026  0.003424 
1561 0.002339 0.005739 0.001910  0.003532 
1562 0.002238 0.004407 0.001958  0.003487 
1563 0.002264 0.001697 0.001922  0.003461 
1564 0.002163 0.001616 0.001864  0.003370 
1565 0.002408 0.001641 0.002087  0.003594 
1566 0.002095 0.004205 0.001818  0.003290 
1567 0.002222 0.001591 0.001879  0.003440 
1568 0.002432 0.002981 0.001948  0.003593 
1569 0.002121 0.001601 0.001873  0.003390 
1570 0.002120 0.002948 0.001851  0.003382 
1571 0.002160 0.001634 0.001880  0.003431 
1572 0.002455 0.001723 0.002012  0.003578 
1573 0.002126 0.001611 0.001882  0.003421 
1574 0.002117 0.001572 0.001835  0.003388 
1575 0.002114 0.004283 0.001880  0.003392 
1576 0.002128 0.002945 0.001888  0.003452 
1577 0.002114 0.001615 0.001866  0.003413 
1578 0.002082 0.005570 0.001867  0.003332 
1579 0.002403 0.007504 0.001976  0.003472 
1580 0.002131 0.001609 0.001886  0.003414 
1581 0.002643 0.001673 0.002058  0.003673 
1582 0.002372 0.001734 0.001959  0.003549 
1583 0.002142 0.002963 0.001890  0.003419 
1584 0.002337 0.003122 0.001895  0.003473 
1585 0.002113 0.002943 0.001824  0.003429 
1586 0.002113 0.004209 0.001879  0.003382 
1587 0.002174 0.001584 0.001853  0.003382 
1588 0.002115 0.002906 0.001839  0.003383 
1589 0.002079 0.001598 0.001838  0.003356 
1590 0.002288 0.001713 0.002039  0.003600 
1591 0.002376 0.001635 0.001882  0.003423 
1592 0.002123 0.001627 0.001931  0.003564 
1593 0.002083 0.004222 0.001841  0.003400 
1594 0.002080 0.001606 0.001866  0.003346 
1595 0.002111 0.005600 0.001862  0.003385 
1596 0.002115 0.001640 0.001844  0.003457 
1597 0.002092 0.001635 0.001918  0.003349 
1598 0.002172 0.001744 0.001832  0.003545 
1599 0.002032 0.001550 0.001796  0.003256 
1600 0.002194 0.001677 0.001943  0.003540 
1601 0.002167 0.001661 0.001965  0.003541 
1602 0.002164 0.001715 0.001978  0.003622 
1603 0.002288 0.001712 0.001970  0.003612 
1604 0.002255 0.001702 0.001975  0.003593 
1605 0.002166 0.001676 0.001942  0.003557 
1606 0.002230 0.001714 0.001976  0.003643 
1607 0.002165 0.001719 0.001979  0.003556 
1608 0.002209 0.001689 0.001971  0.003588 
1609 0.002166 0.003083 0.001929  0.003589 
1610 0.002217 0.001680 0.001968  0.003599 
1611 0.002365 0.006054 0.001986  0.003633 
1612 0.002173 0.004564 0.001975  0.003554 
1613 0.002208 0.001681 0.001937  0.003591 
1614 0.002193 0.001686 0.001973  0.003578 
1615 0.002237 0.001724 0.001982  0.003639 
1616 0.002279 0.001841 0.001987  0.003631 
1617 0.002215 0.001678 0.001947  0.003622 
1618 0.002268 0.001728 0.001946  0.003569 
1619 0.002231 0.004591 0.001991  0.003662 
1620 0.002205 0.001722 0.001971  0.003550 
1621 0.002180 0.008878 0.001976  0.003637 
1622 0.002197 0.001687 0.001946  0.003658 
1623 0.002208 0.004783 0.001948  0.003552 
1624 0.002184 0.001692 0.001945  0.003585 
1625 0.002232 0.001735 0.001974  0.003608 
1626 0.002241 0.007358 0.001942  0.003586 
1627 0.002254 0.001737 0.001982  0.003655 
1628 0.002225 0.004527 0.001952  0.003592 
1629 0.002210 0.004555 0.001939  0.003561 
1630 0.002192 0.010220 0.001989  0.003743 
1631 0.002479 0.001880 0.002145  0.003798 
1632 0.002229 0.003155 0.001964  0.003590 
1633 0.002473 0.001692 0.001949  0.003635 
1634 0.002238 0.001714 0.002003  0.003661 
1635 0.002254 0.001726 0.002011  0.003615 
1636 0.002393 0.004821 0.002021  0.003640 
1637 0.002250 0.001737 0.002003  0.003669 
1638 0.002192 0.004892 0.002019  0.003745 
1639 0.002264 0.006127 0.001999  0.003715 
1640 0.002318 0.004655 0.002021  0.003664 
1641 0.002203 0.001706 0.002014  0.003623 
1642 0.002247 0.004598 0.002004  0.003670 
1643 0.002241 0.001757 0.002014  0.003692 
1644 0.002324 0.001777 0.002069  0.003789 
1645 0.002426 0.001767 0.002011  0.003768 
1646 0.002267 0.003210 0.002039  0.003727 
1647 0.002503 0.001838 0.002073  0.003777 
1648 0.002390 0.001868 0.002032  0.003963 
1649 0.002443 0.006490 0.002092  0.003897 
1650 0.002282 0.001769 0.002022  0.003729 
1651 0.002445 0.006330 0.002093  0.003823 
1652 0.002282 0.001750 0.002044  0.003769 
1653 0.002317 0.003276 0.002110  0.003849 
1654 0.002260 0.001775 0.002016  0.003730 
1655 0.002208 0.003163 0.001977  0.003628 
1656 0.002265 0.001813 0.002040  0.003790 
1657 0.002218 0.003184 0.002026  0.003623 
1658 0.002367 0.003314 0.002089  0.003817 
1659 0.002333 0.003247 0.002124  0.003733 
1660 0.002304 0.001759 0.002266  0.003864 
1661 0.002382 0.001805 0.002063  0.003764 
1662 0.002314 0.001697 0.001983  0.003616 
1663 0.002254 0.013973 0.001932  0.003528 
1664 0.002306 0.003341 0.002080  0.003854 
1665 0.002426 0.001862 0.002131  0.003985 
1666 0.002432 0.001883 0.002134  0.003961 
1667 0.002394 0.001864 0.002148  0.004001 
1668 0.002374 0.001880 0.002145  0.003982 
1669 0.002506 0.001976 0.002146  0.004035 
1670 0.002357 0.001901 0.002106  0.003960 
1671 0.002405 0.001849 0.002096  0.004005 
1672 0.002344 0.003406 0.002095  0.003927 
1673 0.002388 0.001884 0.002166  0.004028 
1674 0.002406 0.003493 0.002148  0.004031 
1675 0.002363 0.001855 0.002106  0.004088 
1676 0.002387 0.003398 0.002118  0.004001 
1677 0.002395 0.003473 0.002152  0.003998 
1678 0.002365 0.001832 0.002210  0.004003 
1679 0.002409 0.001875 0.002164  0.004015 
1680 0.002348 0.001848 0.002139  0.004063 
1681 0.002410 0.001873 0.002176  0.004034 
1682 0.002410 0.001843 0.002111  0.004017 
1683 0.002429 0.001875 0.002170  0.004039 
1684 0.002412 0.001874 0.002211  0.003998 
1685 0.002355 0.001847 0.002151  0.004104 
1686 0.002353 0.001895 0.002185  0.004029 
1687 0.002351 0.001845 0.002161  0.004055 
1688 0.002413 0.001895 0.002173  0.004041 
1689 0.002660 0.001897 0.002385  0.004036 
1690 0.002694 0.001948 0.002426  0.004837 
1691 0.002363 0.001847 0.002151  0.004005 
1692 0.002397 0.009855 0.002116  0.003956 
1693 0.002418 0.003435 0.002115  0.004045 
1694 0.002379 0.003432 0.002133  0.004093 
1695 0.002402 0.001946 0.002169  0.004058 
1696 0.002544 0.008256 0.002160  0.004036 
1697 0.002422 0.001914 0.002199  0.004116 
1698 0.002577 0.001918 0.002213  0.004147 
1699 0.002590 0.001965 0.002254  0.004185 
1700 0.002733 0.001938 0.002205  0.004114 
1701 0.002431 0.001900 0.002189  0.004070 
1702 0.002770 0.001924 0.002196  0.004091 
1703 0.002439 0.001907 0.002301  0.004201 
1704 0.002469 0.001901 0.002278  0.004122 
1705 0.002445 0.001909 0.002197  0.004113 
1706 0.002642 0.002005 0.002297  0.004301 
1707 0.002671 0.003700 0.002252  0.004228 
1708 0.002617 0.001981 0.002509  0.004466 
1709 0.002595 0.001974 0.002253  0.004298 
1710 0.002522 0.001911 0.002206  0.004532 
1711 0.002667 0.007081 0.002300  0.004341 
1712 0.002589 0.001957 0.002293  0.004375 
1713 0.002624 0.008810 0.002274  0.004219 
1714 0.002580 0.005446 0.002361  0.007165 
1715 0.002573 0.002015 0.002330  0.004235 
1716 0.002582 0.003740 0.002280  0.004289 
1717 0.002688 0.003744 0.002287  0.004633 
1718 0.002646 0.001982 0.002271  0.004308 
1719 0.002931 0.008732 0.002271  0.004256 
1720 0.003150 0.002131 0.002373  0.006463 
1721 0.002706 0.003720 0.002350  0.004241 
1722 0.003231 0.002575 0.002869  0.004274 
1723 0.002618 0.002004 0.002273  0.004239 
1724 0.002617 0.003669 0.002275  0.004268 
1725 0.002511 0.002200 0.002269  0.004250 
1726 0.002454 0.001868 0.002157  0.004031 
1727 0.002443 0.004950 0.002205  0.003952 
1728 0.002550 0.005391 0.002486  0.004268 
1729 0.002611 0.002077 0.002342  0.004573 
1730 0.002613 0.002350 0.002455  0.004359 
1731 0.002664 0.002123 0.002508  0.004399 
1732 0.002629 0.005642 0.002416  0.004346 
1733 0.002691 0.002153 0.002395  0.004435 
1734 0.002715 0.002193 0.002447  0.004477 
1735 0.002729 0.005696 0.002418  0.004522 
1736 0.002687 0.002027 0.002336  0.004466 
1737 0.002721 0.002050 0.002320  0.004360 
1738 0.002651 0.005605 0.002379  0.004754 
1739 0.002602 0.002028 0.002466  0.004346 
1740 0.002610 0.006025 0.002325  0.004389 
1741 0.002613 0.002043 0.002340  0.004352 
1742 0.002624 0.002046 0.002344  0.004356 
1743 0.002808 0.002048 0.002325  0.004393 
1744 0.002768 0.002188 0.002498  0.004491 
1745 0.002758 0.002102 0.002385  0.004529 
1746 0.002682 0.007521 0.002418  0.004500 
1747 0.002829 0.002129 0.002487  0.004625 
1748 0.002684 0.002056 0.002336  0.004585 
1749 0.002666 0.002042 0.002511  0.004360 
1750 0.002692 0.002049 0.002346  0.004380 
1751 0.002655 0.002058 0.002647  0.004547 
1752 0.002644 0.002139 0.002829  0.004508 
1753 0.003061 0.008000 0.002474  0.004482 
1754 0.002621 0.002074 0.002331  0.004375 
1755 0.002592 0.003834 0.002352  0.004420 
1756 0.002962 0.003847 0.002354  0.004530 
1757 0.002834 0.002165 0.002445  0.004533 
1758 0.002679 0.002115 0.002357  0.004389 
1759 0.002658 0.002100 0.002344  0.004616 
1760 0.002691 0.002175 0.002346  0.004397 
1761 0.002618 0.003841 0.002349  0.004474 
1762 0.002707 0.002278 0.002619  0.004971 
1763 0.002670 0.004235 0.002368  0.004469 
1764 0.002711 0.002101 0.002451  0.004471 
1765 0.002686 0.002080 0.002375  0.004395 
1766 0.002911 0.002087 0.002355  0.004476 
1767 0.002728 0.002089 0.002609  0.004564 
1768 0.002649 0.002417 0.002388  0.004439 
1769 0.002652 0.002064 0.002368  0.004665 
1770 0.002654 0.003853 0.002385  0.004420 
1771 0.002933 0.007510 0.002360  0.004852 
1772 0.002715 0.002070 0.002409  0.004953 
1773 0.002746 0.009479 0.002372  0.004847 
1774 0.002687 0.002112 0.002377  0.004588 
1775 0.002882 0.010614 0.002493  0.004885 
1776 0.003268 0.002103 0.002425  0.004522 
1777 0.002669 0.002074 0.002476  0.004513 
1778 0.002647 0.002081 0.002608  0.004537 
1779 0.002678 0.002088 0.002419  0.004446 
1780 0.002677 0.002072 0.002379  0.004668 
1781 0.003204 0.005854 0.002453  0.004448 
1782 0.002709 0.003989 0.002422  0.004471 
1783 0.002979 0.002103 0.002377  0.004493 
1784 0.002760 0.002090 0.002388  0.004493 
1785 0.002740 0.002157 0.002429  0.004572 
1786 0.002810 0.005843 0.002468  0.004593 
1787 0.002684 0.005716 0.002380  0.004731 
1788 0.002918 0.006023 0.002594  0.004567 
1789 0.003187 0.002255 0.002811  0.004716 
1790 0.002659 0.002037 0.002358  0.004512 
1791 0.002628 0.005773 0.002422  0.004504 
1792 0.002820 0.002189 0.002508  0.004700 
1793 0.002775 0.002193 0.002502  0.004715 
1794 0.002808 0.004131 0.002479  0.004868 
1795 0.002806 0.004157 0.002502  0.004858 
1796 0.002773 0.002213 0.002670  0.004747 
1797 0.002834 0.008013 0.002549  0.005167 
1798 0.002769 0.002202 0.002696  0.004786 
1799 0.002896 0.006185 0.002900  0.004974 
1800 0.003058 0.002297 0.002581  0.005013 
1801 0.002901 0.002236 0.002564  0.005005 
1802 0.002861 0.002205 0.002515  0.004784 
1803 0.002954 0.004445 0.002498  0.004752 
1804 0.002803 0.002251 0.002581  0.005298 
1805 0.002824 0.004133 0.002521  0.004749 
1806 0.002920 0.002455 0.002515  0.004921 
1807 0.002986 0.008802 0.002728  0.004956 
1808 0.002938 0.002282 0.002560  0.005166 
1809 0.003083 0.002309 0.002534  0.004827 
1810 0.002917 0.002252 0.002602  0.004950 
1811 0.003420 0.002228 0.002778  0.004952 
1812 0.002907 0.002291 0.002636  0.004921 
1813 0.002810 0.002213 0.002513  0.005041 
1814 0.002856 0.004575 0.002618  0.004778 
1815 0.002791 0.002230 0.002997  0.004874 
1816 0.003236 0.004258 0.002576  0.005091 
1817 0.003141 0.002719 0.003196  0.004876 
1818 0.002859 0.006209 0.002530  0.004791 
1819 0.002894 0.002336 0.002614  0.004932 
1820 0.002794 0.002403 0.002528  0.004876 
1821 0.002827 0.002219 0.002557  0.004879 
1822 0.002824 0.002600 0.002568  0.004864 
1823 0.002842 0.002218 0.002539  0.005132 
1824 0.002827 0.002232 0.002533  0.004874 
1825 0.002919 0.002229 0.002784  0.004969 
1826 0.002813 0.008134 0.003058  0.004801 
1827 0.002940 0.002296 0.002588  0.004955 
1828 0.002827 0.002237 0.002545  0.004937 
1829 0.002885 0.006179 0.002569  0.004971 
1830 0.002874 0.002235 0.002539  0.005127 
1831 0.003076 0.002243 0.003358  0.005454 
1832 0.003129 0.002248 0.002541  0.004884 
1833 0.002887 0.004381 0.002632  0.004954 
1834 0.002948 0.004375 0.002651  0.004989 
1835 0.002864 0.002242 0.002607  0.004951 
1836 0.002992 0.004348 0.002646  0.004993 
1837 0.002846 0.002268 0.002620  0.005413 
1838 0.002900 0.002276 0.002589  0.005246 
1839 0.002973 0.002298 0.002632  0.004984 
1840 0.002939 0.008747 0.002559  0.005088 
1841 0.002935 0.002236 0.002604  0.005249 
1842 0.002948 0.004253 0.002580  0.005642 
1843 0.002921 0.002308 0.002574  0.004931 
1844 0.002869 0.008155 0.002607  0.004982 
1845 0.002874 0.002248 0.002575  0.005099 
1846 0.003035 0.002448 0.002569  0.004954 
1847 0.002917 0.004351 0.002565  0.004898 
1848 0.002996 0.002345 0.002692  0.005178 
1849 0.002963 0.006461 0.002668  0.005041 
1850 0.003021 0.008476 0.002720  0.005016 
1851 0.002926 0.004220 0.002691  0.004963 
1852 0.002913 0.002352 0.002551  0.005107 
1853 0.003222 0.002261 0.002583  0.004904 
1854 0.002875 0.002189 0.002472  0.004794 
1855 0.002741 0.005959 0.002544  0.004866 
1856 0.002971 0.002311 0.002619  0.005050 
1857 0.003140 0.002364 0.002885  0.005205 
1858 0.002951 0.002415 0.002974  0.005128 
1859 0.003036 0.006539 0.002742  0.005204 
1860 0.003287 0.002424 0.002700  0.005100 
1861 0.003040 0.002385 0.002817  0.005119 
1862 0.003224 0.002933 0.002882  0.005135 
1863 0.002987 0.004456 0.002940  0.005181 
1864 0.003138 0.002441 0.002762  0.005330 
1865 0.003142 0.002480 0.002782  0.005240 
1866 0.003078 0.002436 0.002771  0.005328 
1867 0.003431 0.009363 0.002738  0.005503 
1868 0.003015 0.002363 0.002692  0.005752 
1869 0.003107 0.002372 0.002866  0.005826 
1870 0.003129 0.002386 0.002790  0.005213 
1871 0.003100 0.002416 0.002756  0.005434 
1872 0.003028 0.008648 0.003030  0.005235 
1873 0.003100 0.002437 0.002779  0.005195 
1874 0.003485 0.002374 0.002689  0.005210 
1875 0.003148 0.008685 0.002694  0.005756 
1876 0.003040 0.002397 0.002830  0.005258 
1877 0.003192 0.002579 0.003329  0.005424 
1878 0.003136 0.002386 0.002690  0.005181 
1879 0.003368 0.002402 0.002709  0.005205 
1880 0.003205 0.002388 0.002705  0.005159 
1881 0.003008 0.002389 0.003204  0.005186 
1882 0.003225 0.002432 0.002768  0.005297 
1883 0.003452 0.002637 0.002834  0.005814 
1884 0.003059 0.004961 0.002871  0.005208 
1885 0.003455 0.002530 0.002691  0.005206 
1886 0.003227 0.002569 0.002737  0.005230 
1887 0.003024 0.006702 0.002707  0.005190 
1888 0.003130 0.002414 0.002762  0.005693 
1889 0.003060 0.009037 0.002735  0.005198 
1890 0.003366 0.002438 0.002715  0.005200 
1891 0.003033 0.005035 0.002800  0.005254 
1892 0.003027 0.002396 0.002768  0.005326 
1893 0.003034 0.004495 0.002858  0.005171 
1894 0.003038 0.002381 0.002843  0.005260 
1895 0.002999 0.002401 0.002826  0.005248 
1896 0.003322 0.002417 0.002705  0.005253 
1897 0.003147 0.004701 0.002823  0.005315 
1898 0.003096 0.006622 0.002714  0.005228 
1899 0.003071 0.004516 0.002710  0.005386 
1900 0.003054 0.002415 0.002708  0.005345 
1901 0.003178 0.002433 0.002718  0.005217 
1902 0.003050 0.009094 0.002753  0.005263 
1903 0.003149 0.002480 0.002829  0.005412 
1904 0.003070 0.004582 0.002799  0.005428 
1905 0.003001 0.002407 0.002820  0.005835 
1906 0.003034 0.002412 0.002740  0.005192 
1907 0.003057 0.002448 0.002801  0.005760 
1908 0.003038 0.002462 0.002755  0.005249 
1909 0.003039 0.002436 0.002757  0.005690 
1910 0.003029 0.002404 0.002747  0.005461 
1911 0.003129 0.013432 0.002811  0.005424 
1912 0.003142 0.004675 0.002812  0.005414 
1913 0.003063 0.008864 0.002896  0.005233 
1914 0.003076 0.004564 0.002731  0.005558 
1915 0.003057 0.004577 0.002719  0.005246 
1916 0.003067 0.002430 0.002735  0.005302 
1917 0.003111 0.002438 0.002723  0.005711 
1918 0.002972 0.002346 0.002645  0.005231 
1919 0.003164 0.002297 0.002615  0.005006 
1920 0.003144 0.002482 0.002822  0.005428 
1921 0.003232 0.002560 0.002876  0.005545 
1922 0.003215 0.007092 0.002925  0.006032 
1923 0.003276 0.004859 0.002890  0.005638 
1924 0.003189 0.004889 0.002911  0.005830 
1925 0.003204 0.005219 0.002903  0.005686 
1926 0.003433 0.004860 0.002899  0.005567 
1927 0.003165 0.002621 0.002889  0.005566 
1928 0.003243 0.002771 0.002927  0.005611 
1929 0.003171 0.007401 0.002931  0.005609 
1930 0.003459 0.002606 0.002900  0.005899 
1931 0.003184 0.004914 0.003233  0.005598 
1932 0.003265 0.002624 0.002973  0.005677 
1933 0.003871 0.002657 0.002901  0.005607 
1934 0.003202 0.002913 0.002932  0.005631 
1935 0.003238 0.002594 0.002916  0.005591 
1936 0.003219 0.002579 0.002940  0.005641 
1937 0.003233 0.002579 0.002928  0.005827 
1938 0.003201 0.004875 0.003201  0.005587 
1939 0.003585 0.002798 0.003431  0.005682 
1940 0.003520 0.002828 0.003009  0.005873 
1941 0.003209 0.002602 0.003015  0.005689 
1942 0.003293 0.002597 0.003180  0.005954 
1943 0.003246 0.004962 0.003107  0.005614 
1944 0.003591 0.003049 0.003638  0.006153 
1945 0.003351 0.002654 0.002999  0.005784 
1946 0.003258 0.002604 0.002934  0.005663 
1947 0.003273 0.009513 0.003076  0.005711 
1948 0.003260 0.002596 0.002924  0.005729 
1949 0.003409 0.002661 0.003049  0.005816 
1950 0.003295 0.002661 0.003065  0.005778 
1951 0.003286 0.002592 0.002924  0.006029 
1952 0.003200 0.005197 0.002936  0.005707 
1953 0.003246 0.002628 0.002941  0.005710 
1954 0.003267 0.004926 0.002974  0.006222 
1955 0.003703 0.005209 0.003287  0.005645 
1956 0.003404 0.002658 0.003023  0.005920 
1957 0.003705 0.007515 0.002971  0.005922 
1958 0.003454 0.002878 0.002985  0.005772 
1959 0.003596 0.002643 0.002936  0.005675 
1960 0.003236 0.002616 0.003141  0.005751 
1961 0.003265 0.002853 0.003060  0.005772 
1962 0.003457 0.002711 0.002950  0.005763 
1963 0.003571 0.002686 0.003610  0.006302 
1964 0.003318 0.002599 0.003328  0.005731 
1965 0.003243 0.002634 0.003003  0.006025 
1966 0.003206 0.002841 0.003069  0.005771 
1967 0.003244 0.002662 0.002964  0.005923 
1968 0.003313 0.002624 0.002947  0.006016 
1969 0.003414 0.002643 0.002960  0.005782 
1970 0.003356 0.012618 0.003344  0.005710 
1971 0.003389 0.002715 0.003039  0.005837 
1972 0.003464 0.002691 0.003043  0.005964 
1973 0.003633 0.002625 0.003079  0.005726 
1974 0.003389 0.002679 0.003385  0.006049 
1975 0.005964 0.007247 0.004744  0.005928 
1976 0.003233 0.002747 0.003035  0.005781 
1977 0.003239 0.002687 0.003146  0.005795 
1978 0.004158 0.002893 0.003794  0.006221 
1979 0.003392 0.002797 0.003184  0.005899 
1980 0.003361 0.012462 0.002976  0.005735 
1981 0.003308 0.002630 0.003438  0.005755 
1982 0.003444 0.002720 0.002981  0.005910 
1983 0.003393 0.005887 0.002965  0.005844 
1984 0.003393 0.010280 0.003055  0.005930 
1985 0.003440 0.010242 0.003116  0.005988 
1986 0.003459 0.003023 0.003124  0.006803 
1987 0.003434 0.005246 0.003111  0.006244 
1988 0.003475 0.005511 0.003138  0.006052 
1989 0.003430 0.002772 0.003132  0.006093 
1990 0.003445 0.002776 0.003119  0.006084 
1991 0.003414 0.007943 0.003174  0.006194 
1992 0.003493 0.005391 0.003179  0.006175 
1993 0.003427 0.005264 0.003164  0.006536 
1994 0.003624 0.002840 0.003186  0.006157 
1995 0.003442 0.002771 0.003269  0.006068 
1996 0.003503 0.007954 0.003360  0.006084 
1997 0.003495 0.002845 0.003171  0.006471 
1998 0.003443 0.002833 0.003682  0.006158 
1999 0.003461 0.005571 0.003217  0.006045 
2000 0.003486 0.005436 0.003181  0.006203 
2001 0.003534 0.002979 0.003184  0.006065 
2002 0.003453 0.002785 0.003323  0.006096 
2003 0.003580 0.005275 0.003109  0.006025 
2004 0.003522 0.002870 0.003176  0.006079 
2005 0.003450 0.002842 0.003430  0.006248 
2006 0.003837 0.002784 0.003126  0.006030 
2007 0.003558 0.002850 0.003131  0.006492 
2008 0.003565 0.002823 0.003489  0.006271 
2009 0.003477 0.002784 0.003162  0.006383 
2010 0.003455 0.015403 0.003139  0.006445 
2011 0.003498 0.002806 0.003133  0.006136 
2012 0.003615 0.002797 0.003139  0.006074 
2013 0.003576 0.005487 0.003241  0.006198 
2014 0.003500 0.002799 0.003194  0.006118 
2015 0.003447 0.002800 0.003461  0.006208 
2016 0.003519 0.002862 0.003240  0.006078 
2017 0.003476 0.005498 0.003218  0.006099 
2018 0.004088 0.002808 0.003153  0.006247 
2019 0.003588 0.002908 0.003293  0.006314 
2020 0.003589 0.005475 0.003219  0.006448 
2021 0.003502 0.002812 0.003177  0.006412 
2022 0.003470 0.005440 0.003152  0.006130 
2023 0.003437 0.002798 0.003156  0.006492 
2024 0.003481 0.002813 0.003198  0.006184 
2025 0.003716 0.005348 0.003141  0.006390 
2026 0.003556 0.002949 0.003298  0.006223 
2027 0.003590 0.005573 0.003283  0.006450 
2028 0.003801 0.002816 0.003168  0.006448 
2029 0.003631 0.013427 0.003285  0.006382 
2030 0.003447 0.005803 0.003229  0.006249 
2031 0.003493 0.005574 0.003162  0.006135 
2032 0.003473 0.003073 0.003151  0.006120 
2033 0.003450 0.005693 0.003167  0.006150 
2034 0.004200 0.002882 0.003155  0.006143 
2035 0.003578 0.005489 0.003275  0.006266 
2036 0.003476 0.002831 0.003167  0.006360 
2037 0.003791 0.002874 0.003172  0.006136 
2038 0.003867 0.002898 0.003196  0.006251 
2039 0.003506 0.005380 0.003172  0.006525 
2040 0.003463 0.005358 0.003525  0.006175 
2041 0.003542 0.002831 0.003176  0.006533 
2042 0.003680 0.002842 0.003198  0.006200 
2043 0.003506 0.005418 0.003357  0.006145 
2044 0.003825 0.002935 0.003499  0.006518 
2045 0.003565 0.002916 0.003359  0.006444 
2046 0.003393 0.002732 0.003075  0.006101 
2047 0.003609 0.002882 0.003111  0.005883 
2048 0.003611 0.006041 0.003287  0.006335 
